0
0
0
0
0
0
0
0
0
0
0
0
0
0
0
0
0
0
0
0
0
0
0
0
0
0
0
0
0
0
0
0
0
0
0
0
0
0
0
0
0
0
0
0
0
0
0
0
0
0
0
0
0
0
0
0
0
0
0
0
0
0
0
0
0
0
0
0
0
0
0
0
0
0
0
0
1
0
0
0
1
0
0
0
0
0
0
0
0
0
0
0
0
0
0
0
0
0
5
18
76
93
98
91
92
102
69
100
85
76
80
96
71
85
73
71
70
86
87
77
95
91
105
108
80
99
76
97
86
87
94
86
96
102
73
80
95
85
100
74
81
101
90
87
83
94
78
76
103
87
106
100
86
97
90
93
97
90
95
92
85
87
82
98
93
107
86
99
89
95
99
96
94
108
88
93
94
107
100
97
105
97
99
96
107
97
95
101
100
104
118
99
107
103
106
100
108
105
118
109
105
121
117
101
114
115
124
110
117
140
123
94
113
125
133
104
125
125
114
119
133
126
118
119
119
116
115
103
131
144
127
133
133
123
129
136
108
111
126
141
139
122
142
146
131
114
143
122
135
126
139
139
128
130
134
164
137
125
139
126
127
138
126
127
147
135
136
135
145
132
147
124
165
124
162
114
147
155
135
129
171
126
130
131
150
126
141
145
139
147
133
135
140
152
131
159
136
133
146
170
149
164
143
143
152
136
158
137
133
143
144
130
138
134
164
145
145
146
120
155
127
154
139
167
168
134
148
135
133
148
125
133
127
126
170
134
115
139
158
151
133
153
127
143
148
139
151
135
137
147
139
151
149
155
135
129
128
127
127
150
149
133
145
131
126
142
140
133
127
126
134
131
144
131
139
137
139
136
122
123
149
137
139
139
127
148
123
152
115
185
160
147
126
132
141
140
139
136
142
133
124
113
140
119
162
145
124
141
130
161
126
153
137
129
135
147
143
159
139
121
139
147
138
130
132
152
133
142
130
135
118
133
132
133
113
127
120
127
129
129
142
156
151
150
132
133
97
127
98
146
133
123
139
130
129
142
143
137
139
118
118
132
141
148
144
142
151
124
123
138
128
148
141
134
137
137
126
141
142
126
117
120
130
125
117
150
120
147
140
133
116
131
142
132
142
113
112
133
121
121
133
128
113
123
107
148
130
110
127
117
137
115
133
130
121
123
123
125
145
132
121
132
127
130
119
144
129
136
144
131
128
135
128
117
138
114
121
118
127
131
107
130
116
122
148
120
122
134
137
100
116
139
132
122
120
119
102
123
131
119
147
114
133
119
133
132
148
112
114
91
113
119
103
123
128
120
132
134
118
102
120
136
109
136
129
113
129
116
139
122
126
104
103
102
123
123
126
129
139
129
101
107
117
108
118
111
109
114
120
129
117
123
121
123
102
143
107
121
137
123
112
109
120
116
106
114
112
116
129
110
114
103
97
112
110
125
108
107
113
110
129
131
120
114
113
113
110
118
106
124
91
111
123
124
116
111
124
110
102
102
99
122
124
105
116
135
103
115
135
125
121
134
130
131
123
101
127
139
129
110
133
123
114
132
123
111
123
101
98
105
127
123
122
125
149
112
103
125
98
122
123
133
124
124
102
111
132
104
129
112
110
111
102
113
109
114
130
126
109
114
111
120
132
104
110
116
107
98
107
127
121
112
116
130
115
119
119
109
139
113
116
134
120
127
118
131
127
108
115
142
126
118
141
145
135
98
120
117
134
126
126
142
114
141
122
130
137
122
110
129
115
137
139
125
128
128
127
142
128
124
129
133
142
155
141
151
143
141
147
142
140
138
125
112
125
125
123
125
128
126
152
121
150
125
125
152
138
153
126
130
139
154
117
115
117
145
141
142
120
122
123
147
136
135
132
136
131
132
111
129
135
131
117
125
152
135
168
113
140
135
139
135
115
120
148
119
119
117
144
125
118
125
125
132
125
138
146
117
137
137
164
123
134
114
142
122
129
131
123
135
128
132
151
127
141
133
115
125
125
119
101
134
126
138
113
137
115
119
107
108
118
111
102
116
130
98
120
129
122
94
104
121
129
112
115
106
98
122
134
104
114
133
124
111
124
135
108
109
105
127
123
99
113
147
117
88
98
114
124
104
109
111
118
125
101
103
100
100
104
108
104
103
111
107
96
96
110
105
120
98
124
99
104
102
93
109
120
106
97
90
107
95
111
97
104
99
132
105
102
103
92
113
108
94
91
97
94
93
101
108
103
88
103
102
103
105
92
88
96
106
72
90
115
123
98
88
107
109
90
99
99
104
90
105
99
115
103
77
109
96
82
94
110
86
92
80
109
95
85
108
106
95
113
90
103
118
96
104
94
89
106
96
96
90
90
106
105
95
110
105
87
106
96
95
100
95
93
67
86
87
96
101
86
85
97
94
103
77
94
97
95
98
100
101
105
94
89
71
99
95
95
90
103
93
105
94
107
95
96
106
86
99
74
82
87
97
81
98
85
96
95
100
94
85
98
91
94
77
79
89
96
93
96
91
75
88
101
87
78
96
86
86
98
90
88
84
107
91
106
78
91
93
95
103
102
109
93
74
90
85
86
98
90
89
87
92
105
86
70
94
97
87
87
92
87
81
84
74
73
85
78
94
71
86
95
78
83
95
83
84
86
84
66
90
82
83
79
95
84
94
81
67
69
90
95
71
80
82
84
93
87
87
84
83
65
89
85
73
92
77
83
76
72
89
89
88
75
77
87
79
90
102
93
72
77
95
90
92
83
66
85
73
75
90
89
101
103
73
70
77
88
90
67
80
78
77
100
69
79
82
68
72
81
83
86
81
88
82
93
55
57
77
76
74
77
86
79
86
82
76
71
78
75
79
79
74
80
64
70
95
76
90
89
91
81
80
72
83
74
94
73
84
79
84
76
79
81
78
70
74
84
68
73
78
90
87
82
81
77
70
86
78
62
77
69
68
81
96
71
70
94
74
61
77
71
81
87
70
67
75
71
76
83
73
75
75
72
74
76
81
74
70
76
73
88
68
67
64
65
76
65
79
81
59
77
71
78
78
72
76
76
80
77
78
83
83
76
75
75
78
69
70
68
76
79
77
74
73
81
65
84
69
85
67
78
60
74
76
66
74
58
91
71
77
78
75
53
63
72
66
74
74
89
67
74
63
76
68
80
72
70
72
88
63
62
66
68
52
69
70
80
73
74
76
82
90
62
71
84
56
74
79
83
68
80
66
73
75
76
66
71
64
79
85
67
68
65
64
67
80
68
88
72
67
73
69
73
79
65
71
71
80
66
62
80
73
78
62
82
73
84
69
70
80
71
68
71
79
71
59
70
77
59
70
72
65
64
63
69
72
63
65
67
68
82
77
71
68
71
76
72
71
71
70
78
66
65
57
72
74
60
67
71
66
60
57
50
67
70
58
74
63
78
64
65
72
68
70
72
76
73
59
67
76
69
67
67
72
89
70
72
84
69
58
72
62
84
74
55
56
62
67
68
64
57
68
65
55
66
78
68
68
71
56
64
59
70
68
61
81
64
74
72
80
73
55
64
65
62
82
71
56
71
62
53
53
78
56
54
76
65
80
77
63
62
57
65
67
52
88
67
64
67
71
61
59
61
54
65
79
64
69
73
73
72
64
68
71
55
62
66
60
69
58
62
70
65
79
71
60
63
72
81
68
57
76
76
60
72
74
64
61
57
57
54
65
64
69
57
72
79
70
72
70
56
66
62
65
59
70
58
44
81
60
63
53
41
60
66
66
55
70
59
77
64
52
59
74
60
51
76
68
61
60
79
68
68
63
58
58
64
60
66
59
71
60
54
72
69
60
63
70
58
64
68
65
72
56
73
69
50
69
72
65
71
76
57
58
70
60
55
67
50
78
77
53
69
61
55
54
70
54
70
60
45
46
70
64
80
63
57
63
59
76
60
70
68
68
57
64
61
60
66
73
64
65
71
65
57
49
64
67
70
58
69
62
61
56
67
70
73
68
62
67
68
68
62
69
63
53
64
80
65
63
63
60
53
56
54
64
61
42
72
71
65
63
51
61
62
61
67
72
56
65
69
52
68
71
57
55
75
59
63
57
63
78
68
53
76
68
54
74
69
64
55
41
59
77
59
65
61
42
63
57
61
59
78
63
48
65
65
67
71
56
53
74
60
64
46
63
54
63
67
57
74
66
62
66
65
60
62
55
58
73
56
64
64
53
64
56
71
67
57
57
75
72
50
68
49
65
47
70
52
69
54
75
53
54
69
61
58
54
57
63
65
67
59
60
63
57
71
63
67
60
78
51
61
60
60
83
67
44
57
62
72
69
72
60
56
72
41
52
77
67
53
61
66
54
54
63
62
55
65
66
64
60
65
68
69
83
57
55
69
65
62
53
69
61
46
61
60
54
61
53
69
56
67
60
60
62
37
70
61
60
58
66
72
55
61
58
59
66
56
58
53
64
56
51
51
54
59
50
60
67
68
61
79
69
70
67
56
65
69
65
57
56
60
52
44
50
60
60
56
52
80
53
57
71
65
62
41
64
70
51
73
58
63
58
72
52
60
63
50
61
52
65
54
75
59
52
69
63
60
70
55
63
55
63
55
46
53
55
67
66
55
61
76
59
66
59
63
51
63
47
60
45
59
72
72
67
65
56
71
68
59
63
64
56
62
51
62
49
68
59
53
57
64
52
56
53
48
52
71
69
49
58
69
69
53
59
65
69
54
57
70
68
62
72
71
46
63
60
51
50
68
53
67
54
48
68
61
55
55
61
62
50
55
77
68
69
76
60
68
65
56
70
61
66
64
60
59
75
53
69
62
54
59
51
51
56
70
61
60
60
52
65
61
75
53
62
51
76
47
51
63
72
68
58
67
71
59
64
62
57
55
69
72
66
65
44
68
63
53
57
64
73
57
53
52
74
61
62
62
57
62
53
65
53
51
61
58
74
62
63
60
57
62
67
73
58
63
60
56
61
74
62
62
68
55
62
67
49
70
60
61
56
63
57
58
65
48
54
68
56
70
66
66
71
82
58
57
56
60
63
55
61
64
60
56
45
54
60
64
72
52
66
52
75
53
63
70
53
68
67
65
56
67
67
65
66
68
69
53
57
79
44
54
52
64
55
64
49
64
72
54
64
75
58
54
57
64
66
69
71
55
55
50
54
65
58
55
62
61
52
64
60
61
66
60
72
56
65
74
69
69
73
81
63
57
75
56
64
64
54
51
48
62
75
69
59
48
72
52
63
48
62
58
58
60
54
56
68
75
67
70
85
50
66
51
59
48
70
67
61
76
75
61
52
67
58
72
59
74
59
72
65
64
69
57
62
71
64
70
48
74
70
75
63
57
64
66
74
64
60
56
66
67
58
57
50
61
62
58
70
49
64
76
49
61
57
61
58
68
69
53
71
54
57
59
71
70
72
50
76
62
60
62
56
51
65
60
44
69
53
71
66
60
88
61
71
62
73
77
74
77
72
70
79
70
55
53
63
57
59
73
73
54
71
73
52
64
62
53
61
66
69
61
64
53
63
57
86
68
69
59
67
59
74
72
64
84
69
70
64
57
73
67
66
65
65
59
78
47
71
64
46
65
63
64
44
71
60
64
64
56
83
61
60
74
66
68
76
75
59
54
55
59
74
63
53
68
54
70
80
73
60
71
59
48
75
64
56
57
62
56
60
62
58
57
65
55
52
69
65
79
62
51
55
56
54
63
67
69
55
55
67
56
73
56
44
55
55
65
66
70
66
61
56
52
62
64
86
50
60
60
69
76
44
57
66
65
68
65
66
55
53
72
71
50
60
68
72
64
51
77
63
58
70
72
51
70
64
62
74
67
74
48
53
55
47
58
54
53
59
48
45
72
47
60
88
54
74
48
90
72
64
60
57
58
69
67
78
57
70
53
58
63
67
42
53
56
55
57
50
59
48
68
62
74
64
67
58
62
55
65
78
60
76
80
61
52
58
57
39
54
55
43
56
56
46
70
55
74
71
52
58
57
46
44
41
65
56
68
60
63
58
55
70
58
71
65
67
52
40
74
65
71
59
70
67
65
83
68
65
61
61
57
71
55
65
60
65
62
77
59
53
56
52
55
66
68
66
61
60
67
59
61
54
59
59
66
54
74
79
61
61
60
68
58
67
65
59
57
64
61
62
49
62
58
66
60
69
49
66
66
56
63
66
75
58
64
56
72
68
61
54
65
54
55
57
62
47
76
54
74
60
68
55
65
65
76
54
78
63
51
57
63
53
71
72
56
68
96
77
67
64
62
57
59
84
60
64
80
55
64
59
59
64
59
62
49
66
46
64
67
68
66
64
48
62
62
65
63
49
58
61
55
69
63
55
75
71
64
61
66
68
74
66
70
69
63
60
58
64
66
62
75
71
51
71
65
71
68
65
58
60
67
59
80
66
62
66
62
51
55
65
64
52
50
44
65
57
56
71
65
65
63
58
52
66
66
62
70
56
78
61
69
79
64
73
72
75
61
69
61
63
64
67
53
51
65
55
61
64
68
74
71
64
62
65
68
67
78
61
65
69
66
60
68
68
62
58
70
65
66
71
66
53
75
61
55
65
67
69
60
49
61
69
55
62
70
56
68
45
56
57
62
60
49
73
56
61
64
57
55
77
54
50
71
70
62
66
69
67
55
68
67
52
66
63
56
60
63
62
75
71
57
56
76
66
70
52
60
73
67
61
48
55
73
59
70
63
62
65
79
53
61
66
47
77
52
56
69
59
65
70
65
67
55
60
59
52
51
69
68
74
64
71
70
61
62
65
67
58
65
52
79
78
77
65
61
66
69
67
59
56
53
56
56
71
76
67
72
72
71
67
68
57
66
76
64
70
59
68
61
84
58
72
54
63
60
90
61
79
73
57
83
68
65
61
59
61
58
60
74
71
65
64
68
62
74
63
72
57
70
67
67
64
66
50
57
65
65
59
82
66
74
74
50
67
59
87
57
54
68
62
52
68
81
58
60
57
80
64
55
69
50
53
63
56
56
61
66
91
70
67
58
79
72
71
80
77
68
60
59
75
60
75
60
74
63
58
60
67
75
81
62
67
64
67
70
71
53
60
93
87
71
74
79
65
57
66
65
76
68
67
57
64
63
72
72
69
74
69
52
57
57
65
63
71
76
69
76
70
69
77
78
77
81
63
55
60
70
50
65
57
62
67
58
59
68
69
80
67
61
89
70
75
78
55
65
56
80
71
71
94
74
73
52
70
61
75
75
54
79
74
82
56
76
69
59
77
81
65
64
75
64
65
71
69
72
62
74
67
71
76
73
60
72
77
64
72
66
67
75
72
79
72
75
58
62
58
77
57
68
59
62
71
62
66
61
74
73
52
64
74
57
69
65
67
77
71
72
80
71
68
74
59
72
63
58
56
64
56
65
80
72
67
62
82
64
70
59
88
70
64
77
68
78
73
67
70
70
73
75
60
79
54
65
59
84
64
75
66
68
59
60
73
56
74
79
72
68
68
60
72
73
73
67
66
69
69
69
70
79
69
69
64
50
71
55
52
76
54
73
75
69
62
67
72
70
65
77
62
66
67
61
66
71
85
66
67
65
51
73
72
76
69
60
66
75
56
66
69
53
66
64
69
59
78
48
69
57
75
56
58
64
65
72
51
59
55
69
59
55
71
58
79
78
56
65
63
70
75
61
66
64
63
68
57
65
58
64
67
51
63
47
67
59
54
59
72
53
70
68
60
39
63
49
63
63
59
62
49
56
54
58
58
81
72
55
55
60
59
58
61
66
61
59
57
51
62
52
58
58
66
70
51
53
52
50
62
52
56
62
43
54
66
56
66
50
60
58
44
60
65
55
61
45
65
42
54
42
52
58
60
34
64
51
56
72
58
55
54
73
45
58
65
52
57
47
52
65
54
49
49
42
53
44
47
63
51
57
48
66
63
47
58
66
65
46
44
40
56
43
55
60
57
51
56
47
42
56
52
72
48
46
42
58
48
47
50
53
56
46
51
63
46
46
47
52
45
46
48
54
44
44
51
58
52
51
51
44
47
49
37
33
40
48
46
52
51
49
56
59
54
60
40
45
62
44
38
46
47
48
45
51
45
39
55
34
77
56
46
44
47
44
51
54
43
51
63
39
53
44
49
40
43
46
52
52
39
52
46
45
41
44
40
55
52
47
42
44
40
48
50
45
59
46
49
45
35
39
54
57
35
56
46
35
46
44
46
29
49
53
37
41
31
41
36
39
49
39
46
57
49
44
50
49
36
43
59
50
40
46
48
49
46
47
32
50
57
51
30
46
48
50
50
65
42
39
46
36
32
33
43
32
61
41
60
49
41
44
43
49
44
46
44
49
53
47
52
48
47
46
45
47
45
49
40
43
53
45
41
43
59
33
44
41
39
56
49
57
45
49
52
37
42
42
47
38
41
35
33
42
32
44
43
36
41
46
56
48
28
36
44
37
30
53
44
41
50
44
41
46
49
37
40
37
40
49
44
56
42
48
51
58
40
46
53
34
34
51
49
42
32
35
38
42
46
42
34
43
52
30
39
44
41
38
49
41
45
40
45
42
50
47
35
39
34
50
48
46
38
41
36
42
36
34
38
45
45
46
34
50
45
41
46
54
51
37
48
41
42
54
39
45
35
46
52
46
47
55
38
50
47
42
53
37
50
33
48
43
37
50
37
37
49
35
34
39
40
45
47
46
44
36
41
43
54
44
42
45
42
44
37
37
43
55
42
50
45
38
42
42
40
37
41
43
42
38
54
36
42
44
48
39
44
47
33
46
44
42
43
39
36
50
39
58
56
41
42
47
46
37
50
47
37
49
50
48
50
44
44
36
51
37
52
49
44
43
39
35
38
42
34
45
45
43
35
53
39
49
36
39
43
55
41
42
47
44
51
48
51
49
39
54
36
41
49
55
35
44
38
44
43
47
34
47
57
41
46
47
49
47
58
50
40
54
51
52
45
42
42
47
49
40
47
42
53
40
58
50
48
62
63
48
38
48
52
52
54
54
52
60
56
44
45
50
55
57
54
48
62
54
48
58
69
62
68
48
45
55
68
52
60
59
52
43
62
59
51
58
61
59
50
65
56
56
56
68
59
70
70
62
57
67
68
70
78
64
61
75
60
59
66
69
61
52
69
61
70
83
66
68
70
69
86
70
66
76
88
61
87
82
79
83
79
72
64
70
63
80
76
63
90
73
98
88
97
84
90
85
73
67
79
78
96
91
103
90
112
94
84
73
111
93
89
97
103
97
93
90
99
105
114
106
108
112
111
116
93
105
102
86
107
100
104
106
102
110
118
119
134
108
124
138
114
114
115
116
126
122
92
130
117
121
128
139
105
141
123
119
113
117
126
112
128
127
133
128
130
125
127
136
127
140
137
120
124
127
134
116
136
143
139
149
137
138
141
133
152
154
159
136
147
146
156
163
144
131
143
145
147
152
166
127
153
147
150
126
156
153
166
153
154
133
157
150
149
158
166
162
144
141
150
158
160
164
151
154
169
173
159
151
149
155
169
144
158
161
160
173
151
124
179
146
151
165
171
160
159
150
145
144
149
149
141
144
150
140
142
140
152
166
127
152
144
128
161
157
151
139
138
139
163
128
130
147
160
136
139
139
157
123
149
137
114
134
130
133
135
131
156
124
134
150
160
117
118
138
143
139
117
119
116
125
106
117
126
107
123
118
96
125
118
123
117
124
133
108
114
106
100
114
91
95
122
101
86
105
101
124
105
110
99
111
109
88
90
111
95
109
81
105
88
86
75
109
74
60
92
85
83
83
96
75
84
92
66
76
77
75
70
74
64
76
76
68
71
85
82
73
57
61
76
66
72
69
76
64
75
55
48
52
53
61
52
53
62
55
52
43
56
51
58
54
50
51
50
47
54
59
40
49
35
41
61
34
49
49
32
53
51
31
41
45
41
43
26
37
38
36
40
41
35
28
29
36
40
42
45
31
39
46
45
26
46
27
33
29
28
22
25
22
33
38
33
25
33
29
30
30
23
30
38
22
28
34
20
29
31
28
30
21
25
22
31
33
25
24
34
29
31
20
23
18
21
23
24
20
26
24
26
18
30
19
23
23
20
28
20
21
21
22
25
22
29
28
24
18
18
26
15
25
25
26
29
31
18
20
18
20
28
22
23
18
29
18
28
20
21
26
33
28
25
29
26
26
30
37
22
17
16
26
32
18
34
24
24
25
25
25
26
24
29
30
34
29
25
27
28
22
22
34
38
28
34
29
29
26
29
28
25
27
26
21
31
35
36
32
33
29
39
27
30
40
32
43
35
34
34
42
31
36
49
33
36
31
38
39
35
43
56
44
40
34
45
41
40
36
41
55
46
46
48
42
50
44
52
49
59
49
40
47
51
44
43
57
48
48
57
46
67
44
46
58
51
43
51
53
63
61
59
46
60
57
56
70
63
70
62
59
52
65
70
68
59
68
68
64
63
63
60
74
76
65
61
63
78
68
64
68
67
62
56
79
74
72
83
72
71
79
80
83
76
78
71
73
86
82
84
68
74
87
99
103
82
88
77
76
87
99
82
98
93
84
80
102
101
108
91
94
86
68
99
83
88
99
68
97
78
89
102
101
96
101
99
105
106
99
96
96
99
109
105
106
113
110
97
106
106
96
105
105
107
103
107
109
112
115
113
99
106
113
110
121
117
107
121
113
122
113
126
90
97
142
115
116
122
121
103
99
118
121
131
139
105
112
126
140
126
130
133
119
113
125
124
120
116
105
114
110
120
115
142
108
135
110
112
123
112
140
114
121
140
107
130
128
121
132
99
119
119
119
120
113
101
107
101
123
116
92
108
120
112
123
133
149
119
118
116
120
102
121
100
115
115
101
78
129
95
120
112
97
95
104
102
115
111
109
100
104
111
99
98
106
93
93
86
96
110
103
105
89
101
99
117
110
97
110
96
106
100
80
77
83
94
113
87
79
100
91
73
98
96
92
73
85
81
76
79
91
76
75
80
83
88
75
73
79
77
60
77
79
85
63
68
62
75
57
59
68
78
50
65
67
66
61
59
58
72
62
53
63
62
55
62
64
59
51
64
56
50
56
57
65
58
57
36
39
63
65
57
45
37
41
51
43
43
40
44
54
39
39
52
38
40
53
45
42
44
36
31
38
45
31
30
39
35
20
35
31
23
43
22
28
47
30
29
39
35
22
17
47
20
27
37
22
28
25
27
27
30
26
30
24
26
22
20
25
27
25
25
36
21
26
22
24
25
20
24
23
19
21
18
21
19
22
18
21
16
20
13
15
14
19
14
22
15
20
12
10
25
17
13
13
17
14
16
19
11
13
11
14
13
13
13
19
11
14
15
15
9
9
11
9
12
15
7
12
14
13
10
13
14
9
7
11
10
10
7
13
10
8
6
13
10
6
7
15
9
7
9
11
11
9
5
6
16
6
6
7
12
9
9
8
10
10
10
6
11
11
8
9
11
8
4
10
6
13
6
8
11
3
8
9
7
6
8
11
12
10
6
14
9
7
7
9
5
9
10
8
4
5
10
6
8
6
6
5
6
8
8
9
12
5
11
7
8
5
5
6
7
5
7
7
9
6
6
11
6
4
7
2
4
4
3
6
5
9
10
13
8
13
6
3
11
5
10
5
7
6
5
9
10
3
8
8
7
7
7
11
8
10
9
10
8
6
5
9
12
8
9
6
10
9
9
5
7
11
5
5
7
5
6
4
5
6
2
10
9
10
8
7
3
1
8
9
9
7
12
8
9
6
6
4
5
9
4
8
14
7
4
7
6
4
2
1
7
8
2
7
7
3
5
6
7
9
3
6
6
10
6
8
4
6
7
5
9
6
4
7
5
4
5
8
8
7
3
6
12
8
4
6
5
9
4
5
4
4
6
7
8
2
3
5
5
6
5
4
4
4
5
9
10
6
5
6
8
5
5
7
7
7
6
10
9
10
3
13
3
4
7
6
2
7
6
2
8
4
10
8
11
7
3
0
3
4
5
6
9
4
6
6
4
8
5
6
4
2
8
3
3
8
6
3
6
5
2
3
5
5
4
8
4
5
2
5
6
9
5
2
6
3
3
5
10
8
6
3
12
3
2
5
7
6
3
7
5
7
5
4
4
5
4
5
9
6
3
4
5
6
3
3
6
5
7
2
3
4
7
2
5
5
1
7
5
7
6
2
5
2
6
1
3
5
7
4
5
8
1
4
4
8
10
7
2
4
9
7
8
7
4
5
2
1
8
3
6
6
7
8
2
7
6
2
3
7
4
4
7
6
6
3
3
2
8
4
4
6
5
7
4
2
5
6
9
6
7
3
2
4
1
1
4
7
4
4
3
1
4
5
3
2
4
7
6
1
7
2
1
1
10
5
7
5
2
3
5
2
5
3
6
6
4
0
5
5
5
4
4
6
4
6
1
2
3
6
6
9
5
7
1
1
2
4
4
3
6
2
7
8
7
4
5
3
4
2
4
3
7
5
3
2
4
5
4
7
5
6
6
4
6
7
3
5
3
2
3
3
0
6
5
7
5
5
6
6
8
5
4
5
2
4
5
5
6
6
2
4
6
10
2
4
2
5
2
4
1
7
3
3
4
4
5
4
1
5
6
4
7
5
3
4
3
2
3
7
6
7
4
8
2
7
5
5
8
4
5
3
6
3
7
4
3
3
3
1
1
3
3
6
3
3
4
5
2
4
5
6
6
5
8
4
3
4
6
6
2
6
7
8
7
4
1
8
3
5
2
3
2
2
4
1
4
2
3
6
7
2
4
3
6
7
6
1
2
3
2
4
4
4
5
1
5
5
1
4
5
4
2
2
5
5
5
6
6
6
3
3
4
7
8
4
6
10
4
3
4
2
5
5
0
3
6
3
3
5
4
4
4
0
3
5
3
4
4
6
2
4
3
3
9
3
2
2
3
5
4
4
4
7
5
5
5
2
4
3
5
3
3
4
6
7
3
4
3
2
2
3
3
0
4
4
4
6
7
2
1
3
8
5
6
4
0
8
10
5
5
3
4
3
3
2
4
3
3
3
10
4
6
7
4
5
5
3
4
3
1
4
7
3
2
2
3
4
3
3
5
3
4
4
5
5
3
1
4
5
4
4
2
4
4
1
4
1
3
5
1
5
3
3
4
4
5
4
5
4
4
8
3
4
3
4
2
4
8
6
2
5
7
5
5
4
4
3
5
4
4
4
6
2
3
4
2
3
0
2
6
4
4
4
7
5
1
6
2
2
3
6
7
0
4
5
3
2
4
3
1
4
7
5
2
3
6
5
2
6
5
4
3
4
3
7
5
4
2
3
0
2
1
5
5
2
4
3
2
6
3
4
2
2
7
5
2
5
2
0
4
2
1
1
6
5
2
1
7
2
6
1
4
2
5
2
5
1
4
4
3
5
2
3
6
4
5
2
2
3
3
4
5
4
5
5
4
2
7
4
4
2
7
5
2
4
5
6
5
5
3
1
5
1
5
3
1
2
3
2
3
3
6
3
2
4
1
2
7
3
4
7
3
9
4
3
2
5
4
3
4
0
4
1
4
2
2
3
3
6
3
5
3
3
3
7
1
6
4
3
3
5
9
3
3
8
3
4
3
4
3
3
3
6
3
3
4
5
0
4
2
2
3
2
2
4
3
5
4
1
3
2
1
7
3
6
2
6
3
2
4
6
7
4
4
4
0
3
5
2
3
5
4
5
5
3
3
7
2
2
2
3
4
5
2
2
3
4
4
3
5
3
6
1
1
3
2
1
5
3
8
6
5
2
3
2
6
4
2
1
4
3
8
2
5
4
3
1
3
2
3
3
5
3
2
6
0
8
5
2
7
1
3
3
4
3
2
4
2
5
5
4
0
5
4
3
3
3
1
4
1
4
2
2
2
1
4
3
5
1
7
0
3
6
1
3
5
1
3
2
1
5
5
3
1
2
2
5
0
2
11
0
3
1
2
3
4
4
0
2
3
2
1
4
0
6
3
0
4
1
4
3
3
6
8
2
5
3
2
2
5
2
3
4
0
2
1
1
0
3
6
4
5
2
5
2
4
3
3
5
6
3
9
4
4
2
1
4
3
0
4
6
7
3
1
5
1
2
5
6
1
7
5
3
3
3
0
3
5
5
4
2
2
4
3
6
2
3
5
4
3
4
1
4
2
2
4
5
3
2
4
4
3
4
3
1
2
6
5
2
2
5
6
5
1
3
3
1
6
2
4
3
5
1
0
3
4
3
3
7
5
4
1
0
4
1
3
2
4
4
0
3
4
6
2
3
5
2
4
2
3
4
6
4
3
4
2
4
5
6
1
2
4
3
2
3
2
3
1
7
2
4
2
7
4
2
1
5
1
5
5
2
2
5
5
4
4
6
3
6
5
1
7
4
1
4
3
2
1
5
4
5
3
2
4
3
3
1
1
4
5
3
3
1
2
3
3
1
4
4
2
2
5
5
0
3
2
7
4
2
6
5
4
4
2
4
6
3
3
4
2
8
5
6
2
1
3
3
3
4
1
3
4
3
2
2
0
4
3
5
2
5
3
2
7
4
5
5
3
3
0
5
4
2
2
2
5
0
3
2
3
2
2
4
4
7
2
1
3
8
4
1
2
5
1
2
9
5
2
1
2
1
2
1
5
2
5
6
4
6
5
4
2
3
1
6
6
0
2
4
5
5
0
3
4
4
2
4
4
3
4
6
2
3
7
2
2
0
2
3
5
3
2
5
6
3
0
5
2
8
5
2
1
1
4
2
6
2
6
3
5
3
2
3
0
5
4
2
3
2
2
6
3
4
8
3
3
1
1
5
4
2
3
1
3
2
1
2
2
3
3
5
2
2
0
1
3
3
2
1
3
2
4
3
2
2
5
1
4
2
4
6
3
2
1
2
1
3
1
4
3
1
2
3
3
1
0
7
1
3
6
3
2
4
1
2
2
2
2
2
2
5
3
4
5
2
2
3
4
2
4
3
5
2
2
2
3
1
5
2
3
1
0
2
3
4
4
2
0
5
3
2
4
2
3
3
4
3
5
3
5
1
3
2
2
6
3
3
0
4
6
4
4
4
0
5
3
0
7
3
3
3
0
7
3
2
1
3
3
4
3
1
6
1
2
3
2
0
3
3
3
3
2
5
1
1
2
3
7
1
2
0
3
2
0
2
3
2
1
1
5
4
4
1
3
2
6
1
4
2
3
3
0
6
2
2
1
2
2
4
2
5
6
0
2
2
5
3
2
3
4
0
1
5
5
5
3
4
1
0
6
1
3
2
7
1
3
1
1
3
4
1
2
3
1
3
3
2
5
3
3
4
3
4
1
3
1
4
3
2
5
7
6
3
2
4
3
5
1
2
4
3
5
1
1
3
3
3
7
4
4
6
4
3
5
2
2
6
2
3
3
3
3
2
1
1
6
2
5
1
2
2
2
3
0
3
2
3
2
4
3
4
2
1
2
3
0
3
2
1
0
3
6
2
0
2
1
2
4
2
3
2
2
7
2
2
3
2
1
1
2
0
3
6
1
0
1
1
3
4
4
3
4
3
2
3
2
0
5
2
1
3
5
4
2
5
3
3
6
4
0
4
5
4
5
3
2
3
1
1
4
1
1
3
2
3
3
1
0
3
1
4
3
1
3
2
4
2
5
5
2
1
2
1
2
4
2
1
3
2
1
0
1
1
3
1
3
2
4
0
3
3
4
1
4
2
2
1
3
4
1
3
1
2
3
3
2
3
4
2
1
2
2
3
3
6
3
2
4
2
1
3
2
6
1
2
1
2
0
3
2
4
1
3
0
6
2
3
2
1
0
6
3
3
2
4
0
3
1
3
4
7
2
1
3
3
7
1
2
4
0
4
2
6
1
3
3
3
1
3
3
1
2
2
3
4
5
2
2
3
5
0
1
2
2
4
3
1
1
5
3
1
1
6
2
2
2
4
3
3
5
3
4
1
2
1
0
3
4
3
1
2
6
3
4
1
4
3
1
4
3
2
2
3
1
3
3
0
3
3
0
4
4
5
3
2
4
2
0
3
4
0
5
1
4
1
6
3
3
4
3
1
3
1
1
1
1
1
1
4
2
7
3
3
1
1
4
2
0
0
3
3
3
4
4
1
0
3
4
1
1
1
2
2
4
2
4
1
1
3
3
3
4
4
1
4
5
3
2
3
1
2
5
2
4
6
6
0
1
1
3
2
1
1
4
0
3
1
2
4
2
3
2
6
4
0
3
3
4
3
6
2
5
3
3
3
2
3
3
2
1
1
2
5
1
4
0
2
2
2
3
4
2
1
3
0
3
2
1
2
2
2
1
3
2
5
0
5
4
2
1
1
3
1
4
1
4
2
6
0
3
2
3
2
0
2
0
1
3
1
1
4
3
4
4
1
3
1
1
0
6
4
1
4
2
5
5
2
3
2
4
1
0
4
6
2
5
1
1
3
0
4
3
2
3
2
3
6
4
1
5
1
6
0
3
3
3
2
1
1
2
2
2
4
2
1
4
1
0
5
2
4
4
0
2
3
2
3
5
3
3
3
2
0
1
0
2
1
1
2
1
2
0
3
1
2
4
1
3
0
1
1
3
1
4
2
1
2
2
1
7
0
3
1
2
1
0
1
5
4
4
2
4
1
2
3
1
4
2
3
2
2
1
3
1
2
0
3
2
2
4
2
1
4
0
3
1
3
0
3
5
3
3
2
3
1
4
4
1
1
1
0
2
5
1
1
5
4
1
5
1
4
0
5
1
4
4
3
2
5
4
5
3
3
1
2
2
2
3
0
0
1
4
2
2
2
3
5
1
6
4
3
0
6
4
0
3
2
5
3
4
5
1
1
3
0
2
3
2
5
4
2
2
2
2
2
3
5
5
3
1
2
2
0
2
1
2
4
3
1
1
1
8
3
5
4
3
3
0
3
3
2
3
1
2
2
2
1
3
2
2
4
3
6
2
3
0
4
4
1
4
0
4
0
0
0
4
1
3
7
4
6
2
3
0
1
1
5
7
5
2
1
3
2
4
5
1
3
1
3
2
3
1
2
3
4
3
0
2
1
3
5
3
4
1
0
0
1
3
3
0
0
2
6
1
1
2
1
2
5
0
2
1
2
1
5
2
1
5
1
4
1
2
3
5
1
3
6
5
2
2
4
6
1
4
4
1
3
4
2
1
5
1
2
5
4
2
2
2
3
4
4
1
2
3
1
2
3
4
1
3
7
2
3
1
3
3
3
2
4
3
4
4
5
3
3
6
2
1
6
3
1
5
0
3
1
3
1
1
5
3
0
2
2
2
1
0
4
1
2
3
2
5
3
1
6
4
6
0
6
3
2
2
2
9
3
1
2
2
4
1
3
0
4
4
3
3
0
2
2
2
2
3
1
1
2
3
0
1
5
1
5
2
1
2
3
3
2
4
2
1
1
2
2
5
1
4
0
3
5
0
3
2
1
5
2
0
2
3
2
3
1
2
2
4
4
3
2
2
2
3
5
2
1
2
0
2
3
2
2
1
2
1
3
2
3
3
3
4
1
4
1
3
3
4
2
4
1
1
3
3
3
3
3
4
2
6
5
2
2
2
1
1
5
3
4
3
4
1
2
0
2
2
2
2
1
2
0
3
1
1
2
1
4
3
3
0
1
0
2
2
2
1
6
2
2
1
6
5
4
2
2
2
3
2
0
6
3
1
3
1
6
0
3
4
3
1
2
2
2
3
0
1
3
2
4
1
3
4
3
4
4
1
1
3
0
1
3
4
2
1
2
0
3
1
2
4
5
2
0
2
3
2
3
2
4
1
1
1
3
3
1
4
1
2
1
2
4
4
3
2
2
4
3
2
3
3
1
1
0
1
3
0
4
1
2
4
0
1
0
1
2
3
3
3
3
0
0
0
3
2
3
2
1
2
1
3
1
2
2
3
1
3
3
1
1
2
3
2
1
4
1
5
2
0
0
0
2
0
2
5
4
4
1
2
2
1
5
1
3
3
0
2
2
2
2
3
1
3
2
0
0
2
1
6
1
3
2
3
1
1
0
3
2
2
2
4
5
0
1
2
1
4
1
1
3
0
2
5
0
5
0
1
3
2
0
3
3
4
2
5
1
1
1
1
2
0
0
2
5
3
2
1
4
6
2
4
2
0
2
2
2
3
4
1
3
2
4
4
3
3
0
1
1
1
2
1
4
0
2
0
2
0
2
0
1
0
2
1
2
5
3
0
0
1
3
2
1
3
3
2
4
3
1
3
0
4
1
3
6
1
1
1
1
2
1
0
0
2
0
0
4
0
2
1
2
2
1
3
0
1
3
2
1
2
14
18
23
22
28
23
13
18
14
17
11
25
17
16
14
14
16
8
12
15
17
20
10
23
14
15
20
24
14
14
12
19
14
14
15
14
18
8
8
15
8
18
17
10
15
13
14
16
12
19
14
23
17
9
14
16
17
14
15
11
15
9
21
15
12
13
8
14
14
14
21
13
16
12
9
13
14
17
8
14
24
10
11
15
12
8
10
14
7
12
17
19
15
14
10
18
13
8
14
9
14
8
17
15
17
14
14
7
10
15
21
5
15
16
15
15
21
9
13
9
11
10
12
12
15
19
13
7
