0
0
0
0
0
0
0
0
0
0
0
0
0
0
0
0
0
0
0
0
0
0
0
0
0
0
0
0
0
0
0
0
0
0
0
0
0
0
0
0
0
0
0
0
0
0
0
0
0
0
0
0
0
0
0
0
0
0
0
0
0
0
0
0
0
0
0
2
0
0
0
0
0
0
2
1
3
0
2
2
1
2
4
2
6
2
3
5
3
3
8
6
4
10
14
3
8
16
28
58
312
1054
1914
2147
2013
1962
1912
1654
1533
1475
1350
1209
1114
1143
1101
1132
1204
1272
1234
1202
1154
1024
895
807
816
760
717
669
694
689
633
683
629
623
576
611
608
623
524
536
589
573
556
553
524
529
549
534
477
551
507
503
546
522
466
486
473
482
444
526
492
464
487
473
490
513
499
496
493
458
497
527
492
501
523
495
501
498
491
501
495
517
480
480
528
474
523
498
508
516
488
518
483
497
480
493
493
511
483
548
524
509
536
477
511
521
522
483
546
509
489
550
477
507
472
501
503
494
512
534
500
483
489
517
528
497
455
505
511
549
524
495
522
491
515
514
485
504
518
535
525
532
469
570
511
507
555
484
495
543
531
543
536
542
543
572
508
524
543
524
509
528
516
519
512
514
541
510
549
489
516
537
494
560
485
498
529
516
500
515
546
550
531
543
545
549
545
502
556
556
495
481
533
534
544
566
517
495
511
545
504
530
496
490
487
516
542
504
486
523
529
516
542
527
551
513
506
508
493
524
515
481
527
518
495
529
523
483
550
477
502
530
546
481
529
469
509
531
500
509
535
504
515
471
538
501
519
495
525
546
517
508
538
501
503
542
494
514
501
522
503
511
515
523
502
510
465
479
515
504
495
541
504
526
597
497
532
516
515
529
514
536
488
515
530
490
506
490
488
501
528
504
495
556
553
528
557
520
538
467
491
535
506
554
500
491
488
506
496
509
567
534
523
547
550
557
559
545
544
547
530
524
541
501
563
505
514
527
511
501
498
521
550
534
539
515
532
530
509
527
532
551
554
500
537
523
586
544
532
503
517
477
493
536
526
519
546
520
523
537
553
556
540
492
503
501
484
517
526
583
482
482
574
535
522
524
564
509
528
498
536
513
548
484
520
512
585
556
566
490
523
578
539
556
505
504
521
594
490
551
525
567
508
526
567
584
483
527
550
532
513
503
543
549
544
524
511
512
475
495
528
525
517
553
561
534
518
509
536
517
479
522
548
537
518
533
483
558
509
500
533
497
514
467
509
542
514
548
523
500
496
534
521
559
549
502
552
493
481
521
551
555
512
524
500
514
555
535
524
549
542
470
552
550
551
524
516
517
534
546
538
539
479
544
546
505
531
557
546
547
554
534
527
534
533
533
507
556
537
558
552
551
536
546
545
563
551
531
585
558
526
543
549
544
574
587
529
536
565
485
558
573
534
552
576
594
585
567
552
564
554
605
558
589
569
590
553
600
612
544
607
609
605
644
598
654
622
605
603
554
634
604
633
651
629
616
633
657
620
623
614
686
637
623
678
672
644
643
703
670
674
667
663
720
662
718
704
676
697
750
685
707
745
709
747
748
677
750
709
734
735
708
728
695
700
700
736
712
747
749
742
744
727
713
747
723
771
773
764
796
768
743
771
760
732
752
773
737
775
790
802
749
794
763
793
756
764
794
751
761
755
760
701
793
744
811
773
773
729
806
706
715
718
719
784
740
770
729
721
705
753
727
737
735
707
726
660
696
734
727
759
752
704
709
693
698
691
674
692
723
711
688
699
723
695
700
707
686
679
637
709
704
696
657
637
665
696
661
682
686
684
660
656
649
654
662
660
627
657
665
663
714
667
702
631
639
669
641
634
640
652
636
616
628
634
626
612
635
619
643
641
621
617
629
617
643
634
601
619
618
604
612
567
603
584
620
589
626
576
547
558
588
585
615
599
615
606
598
556
624
591
614
594
597
571
550
588
601
570
585
613
594
633
568
572
611
581
591
600
558
524
535
595
554
595
577
550
548
567
566
568
577
589
538
599
538
535
572
577
525
568
564
538
582
562
550
561
553
552
556
511
597
568
544
523
578
504
516
506
561
562
542
506
567
543
518
551
536
504
541
552
526
551
526
557
536
552
542
509
533
511
528
506
498
535
546
538
518
540
511
531
513
526
525
525
468
535
489
474
558
462
489
542
522
513
538
556
534
511
517
513
482
515
523
518
507
539
502
532
532
535
510
532
501
486
490
525
513
552
547
499
515
514
551
538
508
507
516
472
540
538
451
465
544
498
485
499
514
504
459
462
503
478
492
510
496
487
457
500
487
534
510
469
504
473
488
481
475
461
447
485
504
456
455
494
518
502
524
475
496
445
444
512
473
499
504
485
484
467
483
475
492
459
495
493
525
487
475
491
481
485
479
474
438
504
503
487
432
473
479
455
463
485
511
484
470
464
452
479
502
499
457
480
474
484
480
459
465
465
498
464
447
529
466
472
490
476
479
445
484
440
416
472
469
466
451
471
470
467
511
475
469
443
439
482
459
476
439
463
483
502
461
451
485
467
470
414
457
476
442
481
469
466
476
447
412
466
440
451
448
490
450
479
465
461
445
443
487
465
446
430
430
442
454
458
447
422
474
421
426
425
473
454
489
493
414
422
453
446
444
455
446
462
453
493
454
417
432
448
462
463
471
422
410
456
439
451
452
414
438
413
439
436
440
452
431
463
417
490
462
420
435
415
426
467
428
461
455
437
438
451
443
439
447
447
430
445
457
448
445
447
412
455
419
431
443
413
436
445
442
459
420
458
440
426
429
448
396
435
463
410
455
423
444
465
406
443
436
405
419
443
419
416
444
398
423
427
429
455
443
413
411
414
442
410
396
430
426
441
425
416
463
436
450
412
425
455
397
442
438
391
418
454
427
407
452
448
434
462
394
406
437
434
437
436
427
420
410
448
414
447
456
446
423
494
436
408
424
413
437
436
440
413
397
425
444
392
429
421
460
423
469
434
477
438
441
384
402
459
426
438
440
426
394
426
458
444
419
424
418
453
424
393
441
408
405
444
383
424
423
410
426
453
446
464
427
412
424
418
436
431
438
416
419
411
427
417
431
407
434
408
432
405
428
445
425
415
443
422
422
452
455
450
395
407
417
421
419
421
383
434
408
451
407
416
432
374
433
426
388
404
431
464
441
419
408
411
444
425
433
428
409
429
402
481
413
394
458
421
444
449
416
483
434
420
407
412
417
414
402
391
438
414
460
441
418
393
406
443
425
438
401
418
407
396
402
434
437
431
410
424
462
408
409
397
420
424
418
443
406
462
433
413
413
424
405
411
403
407
382
399
418
402
383
429
426
421
398
407
436
418
425
389
447
399
428
426
429
401
430
410
451
411
399
440
436
392
415
401
442
418
436
421
432
433
421
412
391
431
423
408
454
425
407
427
430
395
388
421
435
428
397
430
415
445
432
415
440
443
402
421
407
406
403
425
478
432
401
424
365
426
415
402
423
423
427
423
419
380
407
399
402
407
375
427
424
411
408
408
415
455
438
441
403
402
457
470
427
393
404
422
395
407
411
410
434
397
412
405
412
465
446
414
437
416
382
358
381
426
418
419
448
377
412
461
440
415
378
389
419
416
410
402
414
432
406
439
430
419
430
386
415
374
408
391
406
402
445
445
444
417
405
418
438
431
434
407
429
432
400
442
393
381
379
405
405
387
410
389
342
381
417
424
371
435
411
412
429
413
427
410
404
393
406
385
412
400
403
389
347
398
437
383
379
380
378
400
374
374
416
368
389
345
381
367
363
356
350
397
401
326
376
356
337
359
333
368
382
360
362
359
362
371
387
332
379
348
327
369
332
344
339
300
344
319
356
328
297
327
304
308
328
318
300
319
313
293
313
326
308
298
332
309
302
304
290
296
292
305
281
287
297
311
273
275
262
284
286
269
268
264
313
260
266
242
277
254
235
258
247
260
253
256
254
231
231
235
268
231
235
214
238
224
236
242
230
221
209
213
219
246
234
196
220
220
215
225
226
207
220
211
201
198
192
221
210
188
222
205
208
206
181
181
189
192
215
198
152
175
193
177
190
179
181
187
174
178
169
164
192
171
145
156
176
169
157
159
146
152
139
175
147
147
170
162
159
156
161
173
151
140
168
192
144
150
152
148
160
138
150
147
167
135
121
142
156
153
140
136
158
136
141
129
128
140
162
131
139
120
129
121
122
127
133
109
135
147
126
105
119
144
129
123
122
112
123
134
119
110
126
139
121
125
120
133
121
120
102
111
112
112
111
112
120
115
114
110
122
118
123
128
148
118
133
104
96
124
109
113
143
105
111
122
119
86
98
108
119
120
98
100
103
89
92
117
95
116
98
134
108
114
115
107
102
108
109
95
83
113
93
109
102
89
112
88
109
115
93
116
92
84
80
99
112
90
110
97
109
102
97
110
99
90
114
95
99
116
90
97
98
105
98
117
88
107
91
103
85
89
98
110
97
100
102
100
90
99
96
98
104
103
88
93
88
83
88
70
107
114
103
98
92
108
106
91
95
110
109
109
95
88
94
81
86
106
86
104
101
96
85
89
83
114
100
103
106
78
102
92
108
95
116
83
92
100
90
90
98
97
98
107
90
83
105
95
86
95
88
90
101
112
106
97
106
90
112
114
80
113
97
98
97
113
97
127
105
93
105
89
99
89
93
107
100
106
98
94
100
110
102
95
88
90
101
120
124
93
88
90
98
104
113
113
106
104
112
104
95
98
94
116
119
114
106
124
101
116
102
114
106
111
113
115
90
117
96
105
121
107
109
115
129
108
104
113
116
120
119
124
124
114
116
120
132
118
124
111
128
118
111
140
142
130
108
138
153
117
127
132
119
134
129
123
146
125
135
122
160
127
148
133
151
114
154
149
143
126
156
146
151
147
156
150
154
156
143
160
135
176
155
156
190
143
167
157
166
151
174
168
163
193
152
184
188
194
190
181
180
158
176
185
188
193
181
199
165
167
191
210
226
209
229
222
214
245
222
219
246
233
239
234
282
236
256
239
248
227
256
243
270
290
249
282
278
287
310
300
280
301
248
333
306
294
292
317
324
340
318
317
356
329
361
352
388
380
382
359
410
388
376
413
358
419
444
413
434
434
455
467
463
455
468
471
487
495
490
514
500
534
526
502
559
590
515
594
593
647
589
643
633
648
680
669
661
687
701
652
708
710
712
735
696
760
752
781
717
858
810
844
878
845
877
889
886
927
941
933
967
958
1009
1046
1008
1059
1017
1042
1056
1036
1112
1100
1100
1110
1185
1166
1139
1225
1210
1292
1299
1207
1289
1328
1266
1305
1290
1462
1443
1396
1364
1407
1436
1430
1490
1546
1467
1581
1580
1573
1623
1658
1663
1611
1675
1657
1721
1713
1760
1782
1769
1846
1812
1827
1838
1805
1889
1885
1888
1922
2033
1932
1987
2028
2061
2027
2142
2055
2148
2161
2110
2185
2224
2215
2221
2231
2226
2156
2230
2229
2206
2294
2281
2350
2290
2360
2269
2358
2403
2432
2333
2344
2395
2390
2319
2406
2449
2435
2424
2394
2489
2492
2409
2465
2457
2523
2550
2477
2458
2469
2528
2502
2453
2557
2564
2547
2574
2493
2526
2451
2456
2522
2561
2431
2472
2597
2533
2463
2394
2489
2520
2378
2362
2463
2519
2423
2458
2455
2410
2451
2426
2377
2338
2338
2355
2345
2308
2264
2354
2306
2237
2246
2241
2195
2245
2098
2236
2209
2150
2124
2123
2090
2099
2029
2036
2140
1984
1964
1993
1902
1905
1932
1943
1859
1824
1751
1882
1775
1780
1729
1718
1795
1688
1670
1610
1673
1584
1553
1614
1539
1523
1513
1455
1437
1472
1412
1405
1419
1426
1307
1310
1305
1275
1260
1226
1283
1231
1227
1196
1144
1135
1034
1089
1044
1086
1042
1052
980
1010
942
911
908
868
900
801
837
833
763
852
764
758
725
764
713
692
688
660
645
680
617
628
591
598
571
579
531
523
509
502
499
478
467
454
446
443
419
441
422
387
371
387
345
345
329
327
336
313
268
289
277
291
277
274
255
254
238
235
260
231
222
190
229
233
187
167
169
176
190
169
156
157
144
147
133
150
157
125
146
121
115
113
108
123
114
97
96
101
90
97
94
76
83
83
75
79
77
68
75
82
79
68
52
69
59
63
52
43
51
50
45
43
43
50
29
43
47
36
41
45
30
35
39
39
39
38
37
36
36
39
29
19
26
24
21
23
24
24
35
29
26
34
17
20
21
20
19
14
26
22
20
25
20
21
24
22
27
14
14
10
23
13
12
13
12
13
21
16
7
16
10
9
13
8
9
15
11
16
11
7
14
12
14
10
10
10
11
12
16
6
6
7
9
14
9
9
9
12
11
9
11
6
15
15
14
12
5
12
15
9
12
10
9
11
9
14
14
8
6
6
8
8
4
4
11
9
11
9
4
10
13
4
11
6
6
7
8
8
4
7
10
4
14
13
13
5
7
8
6
8
5
8
2
6
11
14
5
8
7
9
9
6
8
8
1
12
14
10
9
10
6
3
8
5
5
8
11
1
8
10
14
14
2
4
6
5
4
9
9
8
6
8
4
8
3
2
10
6
7
3
6
6
6
12
7
8
9
8
9
5
3
5
6
10
2
8
9
6
9
6
8
5
8
6
9
8
10
6
9
6
9
7
4
6
6
8
3
9
5
11
9
10
3
7
4
4
10
8
9
3
3
5
7
7
4
6
6
5
7
9
10
7
8
11
12
8
4
3
10
6
6
5
5
6
6
10
2
9
3
2
6
5
8
5
6
10
6
4
6
5
7
2
5
6
9
7
7
4
7
8
4
6
6
7
2
3
6
4
6
6
8
5
8
3
9
4
8
5
6
1
6
9
7
5
5
4
3
8
3
3
8
5
7
4
7
6
9
7
3
5
4
7
7
6
7
7
6
4
7
6
8
5
4
5
5
8
3
2
13
6
3
8
5
10
8
6
7
11
4
4
8
4
6
4
4
4
8
6
3
5
6
1
7
4
6
5
6
3
2
8
8
6
3
6
7
9
3
3
2
5
8
4
6
5
7
7
8
6
4
3
6
2
6
2
7
4
4
5
7
2
3
5
5
9
1
4
3
10
7
3
3
6
4
2
6
6
5
3
6
6
4
5
6
5
8
4
7
5
3
5
5
7
6
5
4
1
9
3
10
2
4
7
2
3
5
5
9
2
4
6
3
4
4
4
7
6
7
4
5
4
5
6
6
3
9
3
7
5
5
7
4
2
2
4
6
3
2
6
6
5
2
2
3
4
6
6
13
2
3
5
4
6
3
12
3
4
2
5
4
6
9
7
3
5
3
4
3
1
1
5
2
2
2
3
6
1
4
4
2
4
5
3
3
5
1
2
5
7
3
5
2
9
3
2
2
6
4
6
2
6
7
5
8
5
6
7
8
4
3
5
4
4
3
4
7
5
4
1
4
4
5
6
2
3
2
5
5
3
7
5
3
1
4
3
8
5
5
5
6
5
4
1
4
7
1
3
4
2
2
3
5
6
5
1
6
1
2
5
7
4
4
4
6
4
3
3
4
2
3
4
6
5
6
6
1
6
3
4
5
1
5
5
7
6
2
3
8
10
3
3
4
2
2
2
8
7
6
2
6
4
1
7
5
0
2
4
3
8
1
5
2
4
2
5
4
2
6
4
7
4
1
2
2
1
7
5
5
3
2
4
3
3
0
4
2
3
2
2
4
3
2
4
7
1
4
2
6
5
1
2
5
3
2
7
6
4
4
4
7
8
5
3
5
3
3
2
7
4
6
5
4
3
4
5
5
3
2
4
6
3
9
2
8
3
3
5
5
5
2
1
5
0
4
3
2
6
3
2
5
2
6
2
5
9
2
2
2
4
3
2
3
2
8
7
0
3
3
4
2
1
0
4
3
7
2
3
5
3
6
4
1
5
2
3
3
4
7
5
3
2
3
9
4
4
2
2
3
4
1
1
7
2
0
3
5
3
3
3
3
4
1
8
1
6
3
6
2
4
1
4
6
4
6
2
3
4
1
5
4
4
6
4
3
4
3
3
4
7
1
2
3
3
0
1
6
2
2
5
5
2
3
2
3
4
3
3
0
2
0
7
3
2
4
3
2
3
2
3
6
3
4
4
9
4
4
1
2
3
2
2
7
4
2
2
5
4
6
5
4
3
4
3
2
3
2
2
0
3
2
7
6
2
6
4
5
4
4
2
2
4
4
3
3
0
5
6
5
5
4
2
2
0
4
0
2
5
3
2
4
3
2
3
3
4
3
3
2
2
0
3
4
3
7
2
3
3
0
1
4
3
5
4
3
2
5
3
5
6
2
1
3
4
0
4
1
3
2
2
2
3
4
7
0
2
2
0
6
2
2
1
5
3
3
2
3
4
3
8
1
2
2
3
2
3
6
2
4
4
4
5
1
3
7
2
5
3
3
1
5
3
7
2
4
5
2
1
0
4
5
4
0
2
3
1
3
2
1
2
2
2
1
0
1
3
5
2
2
3
0
4
2
2
2
4
0
2
6
2
3
2
2
5
5
1
2
3
6
2
2
0
3
0
2
1
1
1
6
4
3
5
1
2
2
6
2
3
4
3
3
4
2
2
4
3
2
4
5
1
2
2
6
1
3
2
2
1
0
5
3
5
4
3
0
3
3
2
3
3
5
1
1
3
0
6
1
2
2
0
0
1
2
2
3
4
0
5
0
4
1
2
2
3
3
2
3
3
1
2
4
2
0
2
1
1
4
2
2
6
2
1
1
3
2
2
4
1
1
2
3
3
2
2
2
5
3
1
3
3
5
1
3
1
5
2
1
0
1
6
3
0
1
0
1
0
2
1
3
0
0
1
1
1
2
1
1
5
3
4
4
4
3
5
2
1
3
3
2
7
4
3
3
3
7
2
2
4
2
0
3
1
4
2
3
0
1
1
2
1
6
3
2
1
4
3
3
0
1
1
1
3
3
5
0
4
3
1
2
0
3
1
1
4
3
3
4
3
1
4
2
4
3
0
2
3
3
2
4
3
1
1
1
2
1
1
4
2
3
2
2
6
1
2
2
4
4
4
1
3
0
2
3
3
1
2
4
3
4
0
7
3
1
1
2
5
1
1
1
3
1
5
3
4
1
6
4
4
3
0
3
1
5
1
2
1
3
3
4
4
0
4
2
1
4
2
1
2
1
2
6
2
1
4
2
2
1
2
3
3
2
3
1
2
2
3
1
3
4
6
2
1
2
1
5
5
2
0
0
0
3
2
2
2
4
2
2
2
0
0
4
2
3
1
1
2
3
1
2
4
6
2
3
1
2
2
0
3
2
1
3
3
5
3
0
2
1
1
1
1
5
3
0
1
2
2
1
1
0
2
3
5
2
1
0
1
2
4
4
3
2
3
0
3
1
0
1
0
1
5
3
4
3
2
1
1
2
4
0
3
4
0
2
2
2
4
2
2
3
3
1
2
2
2
0
3
1
1
0
3
5
2
0
1
1
1
3
7
2
1
2
2
3
2
3
1
1
0
2
1
2
0
1
3
2
2
2
3
2
2
4
2
1
0
2
2
1
1
1
2
1
3
5
1
1
0
3
2
4
3
3
1
3
0
1
0
2
5
3
1
3
1
2
1
3
0
3
2
3
1
2
2
6
3
1
3
0
3
5
2
1
1
4
4
0
0
3
1
1
1
5
1
2
3
1
4
2
3
2
3
3
0
1
3
4
2
1
0
1
1
5
2
3
1
2
3
1
4
2
1
2
0
2
1
4
3
6
2
1
1
1
0
4
2
0
0
2
0
3
3
0
2
1
0
0
2
2
0
2
0
1
1
4
1
2
0
0
0
2
0
0
2
0
2
2
0
4
2
2
5
1
4
2
1
1
0
1
1
0
1
1
1
0
1
1
1
1
4
3
1
1
0
2
4
1
1
1
3
0
2
2
1
1
0
4
2
2
3
5
1
1
3
1
2
0
1
0
1
3
0
2
1
2
1
0
1
1
1
1
2
3
1
0
2
0
2
1
3
1
0
1
1
0
0
2
1
4
1
0
2
6
0
1
0
1
3
3
1
1
1
1
2
1
0
1
4
1
2
3
0
1
0
0
1
3
0
0
1
1
0
1
1
3
0
2
2
0
2
4
1
0
3
0
2
1
4
3
1
2
1
0
0
4
1
0
2
0
0
3
3
1
0
3
1
1
2
0
1
2
3
0
0
2
1
1
1
0
2
1
1
5
1
1
0
2
0
1
0
1
0
1
1
1
1
1
0
2
3
0
2
0
0
1
0
1
1
0
3
0
2
1
0
0
2
0
0
2
2
1
0
2
0
2
2
2
0
0
1
1
1
2
0
1
2
1
0
1
1
2
3
1
2
2
1
2
1
4
2
1
3
1
1
1
0
1
2
0
1
3
2
2
1
2
0
0
2
1
1
3
2
2
3
1
0
3
1
4
1
1
0
0
1
2
1
0
6
3
2
0
1
1
2
3
1
1
1
0
1
3
0
1
0
1
3
1
2
1
2
2
3
1
0
1
0
1
1
1
0
1
1
3
3
1
1
3
0
0
1
0
1
2
3
1
2
0
1
1
3
1
0
0
1
1
2
2
0
3
2
2
0
2
1
1
1
3
0
1
2
0
0
1
2
3
1
2
2
1
0
1
2
0
1
2
0
0
5
0
4
2
1
0
0
1
5
6
2
4
0
2
0
0
1
7
2
2
2
3
0
0
1
3
0
1
1
2
1
2
1
1
1
1
0
3
1
3
2
1
1
3
2
0
1
2
2
0
1
1
1
0
4
2
1
1
1
3
2
2
4
0
0
1
0
2
3
1
1
1
2
0
0
1
2
2
1
4
1
1
1
0
1
2
1
1
0
0
0
2
1
1
2
0
1
3
2
0
0
3
2
0
2
2
2
1
1
0
6
3
4
1
6
4
1
1
0
3
1
3
1
5
1
2
3
2
3
1
2
1
1
3
3
2
2
1
2
4
0
1
5
3
0
1
2
4
1
2
0
2
1
1
1
0
2
2
2
1
1
0
1
1
0
2
5
0
5
1
2
3
2
2
3
0
2
2
2
1
0
0
1
1
1
1
0
1
1
2
0
1
0
3
1
0
3
4
0
3
3
0
1
3
3
0
1
1
1
3
0
3
2
1
1
2
3
2
3
1
1
2
1
0
1
3
2
0
2
2
1
0
2
1
0
1
0
1
1
1
2
2
1
2
0
1
0
1
3
2
0
2
0
1
3
0
1
1
0
0
2
1
1
1
4
2
2
2
0
0
1
2
0
2
0
0
0
2
1
3
3
3
0
1
0
0
2
1
0
2
3
2
1
0
2
0
1
0
1
1
0
1
0
0
0
4
0
1
0
2
0
2
0
0
4
2
0
0
2
0
2
1
1
4
3
2
2
1
2
1
1
0
0
1
1
2
1
0
0
0
0
0
0
0
0
0
2
2
1
1
1
0
1
0
0
1
0
0
0
0
1
1
0
2
1
0
0
3
1
0
0
1
0
1
2
0
0
0
1
2
0
0
1
1
2
1
0
2
0
2
1
0
0
2
3
2
0
0
0
1
0
0
0
0
1
0
0
0
2
1
0
1
0
0
0
2
0
1
1
1
0
0
5
0
0
0
1
1
1
4
0
0
1
0
1
1
1
2
1
2
1
0
4
0
3
2
1
1
1
3
2
2
1
0
3
2
1
3
2
3
0
0
1
3
2
0
1
1
1
3
0
1
1
1
0
1
1
0
1
0
1
2
1
0
1
1
1
3
0
4
0
2
1
1
2
1
1
2
4
2
1
1
3
1
0
0
1
1
0
2
1
2
2
1
3
1
1
1
0
1
1
2
1
2
0
1
2
2
0
0
2
1
0
1
1
1
1
1
2
0
0
0
2
0
3
2
0
1
1
1
2
2
1
2
1
1
2
0
3
2
0
2
2
0
2
0
1
0
2
1
1
2
1
1
0
3
0
3
2
1
1
0
2
2
2
2
0
0
0
3
0
2
3
1
1
0
1
4
1
2
2
5
2
4
2
1
3
1
1
1
2
3
3
2
0
1
0
0
1
1
1
2
0
0
2
1
2
1
1
1
0
1
2
2
3
1
1
1
2
0
0
0
4
2
1
0
0
2
1
1
1
1
0
1
0
0
2
0
3
1
2
3
1
1
0
0
0
0
0
1
2
0
1
1
2
0
2
2
0
0
2
2
1
0
0
0
2
0
0
2
1
3
1
1
0
2
1
2
0
0
0
0
2
1
1
1
0
0
1
2
2
1
1
4
1
0
1
4
0
2
3
0
0
1
0
0
1
2
0
0
2
0
2
0
1
1
0
3
2
0
0
2
0
0
1
2
0
0
1
1
0
0
0
0
0
1
0
3
1
0
1
0
0
0
1
0
0
0
0
0
0
0
0
1
0
0
0
0
1
1
0
0
0
2
0
0
0
0
1
0
0
0
0
0
0
0
0
1
1
1
0
0
0
0
0
1
1
1
1
0
0
0
1
0
0
0
0
1
2
0
0
1
0
0
0
0
0
0
0
0
1
0
0
1
0
0
0
0
1
0
1
0
0
1
0
0
0
0
0
0
0
0
0
0
1
0
0
0
0
0
0
0
0
0
2
0
0
0
3
0
1
0
0
0
1
0
0
0
0
0
0
0
0
0
1
0
0
1
1
2
1
0
0
0
0
1
0
0
0
1
0
0
0
2
2
1
0
0
0
0
0
0
0
0
1
1
0
0
0
2
1
0
1
0
0
0
0
1
0
0
0
0
1
2
0
0
1
0
1
0
1
1
0
0
1
0
1
0
2
0
0
0
0
0
0
0
0
0
0
0
0
0
0
0
0
0
0
0
0
0
0
1
0
0
0
0
1
0
1
0
0
0
0
0
2
0
0
1
0
0
0
1
0
0
0
0
0
0
1
0
0
0
1
0
0
2
0
0
0
1
0
0
1
0
0
0
0
0
0
0
0
0
0
1
0
1
0
0
1
0
1
0
0
1
0
0
0
0
1
0
1
0
0
2
2
0
0
0
0
0
0
1
0
0
0
0
1
0
0
1
0
0
0
0
0
0
0
1
1
0
0
0
0
0
0
0
0
1
0
0
0
1
0
1
0
0
0
0
0
0
0
0
0
2
0
0
0
0
0
1
0
0
0
0
0
1
0
0
1
1
0
0
0
2
0
1
0
0
0
0
0
0
0
0
0
0
0
3
0
0
0
0
0
0
0
0
0
0
0
1
0
0
0
0
0
1
0
1
0
0
0
0
0
0
0
2
0
1
1
0
0
0
0
0
0
0
0
0
0
0
1
1
0
0
0
0
0
0
0
0
0
1
0
0
0
1
0
0
0
0
0
0
0
0
1
0
0
0
2
0
2
0
0
0
1
0
0
0
0
0
0
0
0
0
0
0
0
1
1
0
1
1
0
0
0
1
0
0
0
0
0
0
2
0
0
0
0
0
0
0
0
0
0
0
0
0
1
0
2
0
0
1
0
0
1
0
0
0
0
0
0
1
0
0
0
1
0
0
0
0
0
0
0
0
0
0
0
0
0
2
1
0
0
0
0
0
0
0
2
0
0
0
0
0
0
0
0
0
0
0
1
0
0
0
0
1
0
0
0
2
0
0
0
0
0
0
0
1
0
0
0
0
0
0
0
1
0
0
1
0
0
0
1
0
0
0
0
0
0
0
0
0
0
1
0
0
0
1
1
0
0
0
1
0
0
0
0
0
0
1
0
1
0
0
1
0
0
0
0
0
0
0
0
0
0
0
0
0
0
0
0
0
2
0
0
0
1
1
2
0
0
0
0
0
0
0
0
0
0
0
0
0
0
1
0
0
0
0
0
1
1
1
0
0
0
0
0
0
0
0
0
0
0
0
1
0
0
0
0
0
1
0
0
0
0
0
0
0
0
0
0
0
1
0
0
0
0
0
0
0
0
0
0
0
0
0
0
0
0
0
0
0
0
0
0
0
0
0
0
0
0
1
0
1
1
0
0
0
0
0
0
0
0
0
0
0
0
0
0
0
0
0
1
0
0
1
0
0
0
1
0
0
0
2
0
0
1
0
0
0
0
0
1
0
0
0
0
0
0
0
1
0
0
0
0
1
0
0
0
0
1
0
0
0
0
0
0
1
0
0
0
2
0
2
1
1
0
0
1
1
0
0
0
0
0
0
0
0
0
0
1
0
1
1
0
0
0
0
0
0
0
0
0
1
0
0
0
0
1
0
0
1
0
0
1
0
0
0
1
0
0
1
0
0
0
0
1
0
0
0
1
0
1
0
1
0
0
0
0
0
0
0
0
0
0
0
1
0
0
1
0
0
0
1
0
1
1
0
0
0
0
1
0
0
0
0
0
0
0
0
0
1
1
0
0
0
0
0
0
0
0
0
0
0
0
0
0
0
0
0
0
1
0
0
0
0
0
0
0
1
0
0
0
1
0
1
0
0
2
0
0
0
0
2
1
0
1
1
0
1
0
0
1
0
0
0
0
0
0
0
0
0
1
0
0
0
0
0
0
0
0
0
0
0
0
0
0
2
0
1
0
0
0
0
0
1
0
0
0
0
0
0
0
0
1
1
0
0
0
0
0
0
1
0
0
0
0
0
0
0
0
0
0
0
0
0
1
0
0
0
0
0
0
1
0
0
0
1
0
0
0
0
0
0
0
0
0
0
0
0
0
0
0
0
0
0
1
0
0
0
0
0
0
0
0
0
0
0
0
0
0
0
0
0
0
1
0
0
0
0
0
0
1
1
0
0
0
0
0
0
0
0
0
0
0
0
0
0
0
0
0
0
0
1
0
0
0
1
0
0
0
0
0
0
0
0
1
0
1
0
0
0
0
0
0
0
0
0
0
0
0
0
0
0
0
0
0
0
0
0
0
0
0
0
0
0
0
0
0
1
0
0
0
0
0
0
0
0
0
2
0
1
0
0
0
0
0
0
0
0
0
0
0
1
0
0
0
0
1
0
1
0
0
0
0
0
0
0
1
0
1
0
0
1
0
0
0
0
0
0
0
0
0
0
0
0
0
0
0
0
0
1
1
1
0
0
0
0
0
0
0
0
0
0
0
1
0
1
0
0
0
0
0
0
0
0
0
0
0
0
0
0
1
0
0
0
0
0
0
0
0
0
0
0
0
0
0
0
0
1
0
0
0
0
0
0
0
1
2
0
0
0
0
0
0
0
0
0
0
0
0
0
0
0
0
0
0
0
0
0
0
0
0
0
0
1
0
0
0
0
0
0
0
0
0
0
0
0
0
0
0
0
0
0
0
0
0
1
0
1
0
0
0
0
0
0
0
0
0
0
0
0
0
1
0
0
0
0
0
0
0
0
1
0
0
0
1
0
0
0
0
0
0
0
0
0
0
0
0
0
0
0
0
0
0
0
0
0
0
0
0
0
0
0
0
0
0
0
0
0
0
0
0
0
0
0
0
0
0
0
0
0
0
0
1
1
0
1
0
0
0
0
1
0
0
0
0
0
0
0
0
0
0
0
1
1
0
0
0
0
0
0
0
0
0
1
0
0
0
0
1
0
0
1
0
0
0
0
0
0
0
0
0
0
0
0
0
0
0
0
0
0
0
0
0
0
0
0
0
0
0
1
0
0
0
0
0
0
0
1
0
0
0
0
0
0
0
0
1
0
0
0
1
0
0
0
1
0
0
0
1
0
0
0
0
0
0
0
0
0
0
0
0
0
0
0
0
0
0
0
0
0
0
0
0
0
0
0
0
0
0
1
0
0
0
0
0
0
0
0
0
0
1
0
0
0
0
0
0
0
0
0
0
0
0
0
0
1
0
0
0
0
0
0
0
0
0
0
0
0
0
0
0
0
0
0
0
0
0
0
0
0
0
0
0
0
0
0
0
0
0
0
0
0
2
1
0
0
0
0
0
0
0
0
0
0
0
1
0
0
0
0
0
0
0
0
0
0
0
1
0
0
0
0
0
0
0
0
0
0
0
0
0
0
0
0
0
0
0
0
0
0
0
0
0
0
0
0
0
0
0
0
0
1
0
0
0
0
0
0
0
0
0
0
0
0
0
0
0
0
0
0
0
0
0
1
0
0
0
0
1
0
0
0
0
0
0
0
0
0
0
0
0
0
0
0
0
0
0
0
0
0
0
0
0
0
0
0
0
0
0
0
0
0
0
0
0
0
0
0
0
0
1
0
1
0
0
0
0
0
0
0
0
0
0
1
0
0
0
0
0
0
0
0
1
0
0
0
0
0
0
0
0
0
0
0
0
0
0
0
0
0
1
0
0
0
0
0
0
0
0
1
0
0
0
0
0
0
0
0
0
0
0
0
0
0
0
0
0
0
0
0
1
0
0
0
0
0
0
0
0
0
0
1
0
0
0
0
0
0
0
0
1
1
0
0
0
1
0
0
0
0
1
0
0
0
0
0
0
0
0
0
0
1
0
0
1
0
0
0
0
0
0
0
0
1
0
0
0
0
0
0
0
0
1
0
0
0
0
0
0
0
0
0
0
0
0
0
0
0
0
0
1
0
0
0
0
0
0
0
0
0
0
0
0
0
0
0
0
0
0
0
0
0
0
1
1
0
0
0
0
0
0
0
0
0
1
0
0
0
0
0
0
0
0
0
0
0
0
0
0
0
0
0
1
0
0
0
0
0
0
0
0
0
0
0
0
0
0
0
0
1
0
0
0
0
0
1
0
0
0
0
0
0
0
0
0
0
0
0
0
0
0
0
0
0
0
0
0
0
0
0
0
0
0
0
0
0
0
0
1
0
0
0
0
0
1
0
0
0
0
0
0
0
0
0
0
0
0
0
0
0
0
0
1
0
0
0
1
1
0
1
0
0
0
0
1
0
0
0
0
0
0
0
0
0
0
0
0
0
0
0
0
0
0
0
0
0
0
0
0
0
0
1
0
0
0
0
0
1
0
0
0
0
0
0
0
0
0
0
0
0
0
0
0
1
0
0
0
0
0
0
0
0
0
0
0
1
0
0
0
0
0
0
0
0
0
0
0
1
0
0
1
0
0
0
0
1
0
0
0
0
0
0
0
0
1
0
0
2
0
0
0
0
1
0
0
0
0
0
0
0
0
0
0
0
0
0
0
0
0
0
0
0
0
0
1
0
0
0
1
0
0
0
0
0
0
0
0
0
1
0
0
0
0
0
0
0
0
0
0
1
1
0
0
0
0
0
0
0
0
0
0
0
0
0
0
0
0
0
0
0
0
0
0
0
1
0
0
0
0
0
0
0
0
0
0
0
0
0
0
0
0
0
0
0
1
0
0
2
0
0
0
0
0
1
1
0
0
0
1
0
0
1
0
0
0
0
0
0
0
0
0
0
0
0
0
0
0
1
0
0
0
0
0
0
0
0
0
1
0
0
0
0
0
0
0
0
1
0
0
0
1
1
0
0
0
0
0
0
0
0
0
0
0
0
0
0
0
0
0
0
0
0
0
0
0
0
0
0
0
0
0
0
0
0
0
1
0
0
0
0
0
0
0
0
0
0
0
0
0
0
0
0
0
0
0
0
0
0
0
0
0
0
0
0
0
0
1
0
0
0
1
0
0
0
1
0
1
0
0
0
0
0
0
0
0
0
0
0
0
0
0
1
2
0
0
0
0
0
0
1
0
0
0
0
0
0
0
0
0
0
0
0
0
0
0
0
0
0
0
0
0
1
0
1
0
0
0
0
0
0
0
0
0
0
0
0
0
0
0
0
0
0
0
0
0
0
0
0
0
0
0
0
0
0
0
0
0
0
0
0
0
0
0
0
0
0
0
1
0
0
0
0
0
0
0
0
0
2
0
0
0
0
0
0
0
0
0
1
0
0
0
0
0
0
0
0
0
1
0
0
0
0
0
1
0
0
0
0
0
0
0
0
0
0
0
0
0
0
0
0
0
1
0
0
0
0
0
0
0
0
0
0
1
0
0
0
0
0
0
0
0
0
1
0
0
0
1
0
0
0
1
0
0
1
0
1
0
0
0
0
0
1
0
0
0
0
0
0
0
0
0
0
0
0
1
0
0
0
0
1
0
0
0
0
0
0
1
0
0
0
0
0
0
0
0
0
0
0
0
0
1
0
0
0
0
0
0
0
0
0
0
0
0
0
0
0
0
0
0
0
0
0
1
0
0
1
0
0
0
0
0
0
0
0
0
0
0
0
0
0
0
0
1
0
0
0
0
0
0
0
0
0
0
0
0
2
0
1
0
0
0
0
0
0
1
0
0
0
0
0
0
0
0
0
0
0
0
0
1
0
0
0
0
0
0
0
0
0
0
0
0
0
0
0
0
0
0
0
0
0
0
1
1
0
0
0
0
0
0
0
2
0
0
0
0
0
0
0
0
0
0
0
0
0
0
0
1
0
0
0
0
0
0
0
0
0
0
0
0
0
0
0
0
0
0
0
0
0
0
0
0
0
0
4
4
5
6
1
5
3
2
6
3
1
1
2
2
1
5
4
3
3
1
2
4
2
4
6
3
4
3
5
3
3
3
3
2
0
5
3
2
1
3
5
3
3
3
6
1
4
1
5
5
2
4
2
6
2
4
3
6
4
3
5
2
2
3
4
1
3
4
0
3
2
6
1
3
3
7
3
4
2
2
4
1
6
3
2
3
2
1
3
2
4
2
3
5
0
0
2
4
2
3
3
3
2
1
6
4
4
2
2
3
0
2
3
1
4
2
3
5
4
6
3
2
3
3
3
1
4
0
