0
0
0
0
0
0
0
0
0
0
0
0
0
0
0
0
0
0
0
0
0
0
0
0
0
0
0
0
0
0
0
0
0
0
0
0
0
0
0
0
0
0
0
0
0
0
0
0
0
0
0
0
0
0
0
0
0
0
0
0
0
0
0
0
0
0
0
0
0
0
0
0
0
1
0
0
1
2
2
1
1
2
0
1
3
6
4
4
4
3
7
7
5
4
5
6
7
8
15
23
45
171
650
1372
1946
1959
1849
1605
1556
1384
1249
1203
1074
1047
1044
1070
1059
1182
1170
1174
1123
1088
997
851
808
767
759
716
701
698
639
631
649
607
623
582
609
607
536
597
596
554
500
580
539
542
523
516
511
535
497
539
528
501
522
507
520
497
527
507
495
470
489
511
495
493
503
494
487
522
540
501
461
504
547
476
501
515
493
503
496
537
519
530
481
537
477
507
519
545
530
484
474
492
471
539
509
500
536
484
511
526
516
506
495
493
531
540
487
505
568
513
489
509
509
535
516
554
524
512
505
528
526
535
525
522
493
519
486
535
521
536
495
518
498
510
529
558
518
524
540
526
512
500
538
520
533
532
532
531
486
538
508
532
566
510
550
529
543
546
542
480
533
536
558
507
518
531
495
559
520
557
513
569
502
587
535
528
537
531
517
475
497
543
578
538
555
544
486
528
513
520
533
497
545
565
545
573
569
500
532
537
490
522
486
523
541
578
519
542
593
483
522
573
496
533
538
515
463
534
520
538
525
519
540
518
512
497
546
540
550
517
594
540
519
534
516
555
552
550
544
500
525
461
557
512
516
475
543
532
509
529
537
520
499
545
514
550
500
539
528
502
519
506
537
493
537
504
542
508
518
510
510
533
549
554
517
534
537
504
504
549
526
504
551
514
520
541
509
497
534
541
493
509
558
562
530
505
533
528
539
526
509
502
542
520
492
540
553
551
521
526
564
507
527
555
519
514
541
545
548
519
536
575
519
523
526
581
511
556
531
552
551
520
548
564
484
567
493
541
553
536
486
571
550
525
560
499
543
531
518
533
530
516
516
538
567
539
544
524
544
555
553
517
557
535
554
556
573
515
559
555
529
525
534
556
516
563
509
529
537
546
514
547
550
511
563
535
568
522
527
539
527
518
519
532
547
524
507
555
514
501
538
537
559
532
527
566
521
539
525
509
500
546
537
512
527
489
558
536
503
527
584
542
510
565
536
538
538
521
539
538
528
538
499
530
521
548
519
542
530
551
576
510
553
518
539
561
545
542
528
507
541
529
550
563
530
570
568
557
592
589
534
549
541
563
545
517
548
549
556
544
521
581
519
526
527
522
543
537
539
583
522
575
523
521
559
546
549
563
497
545
564
560
571
626
531
540
569
545
582
587
570
566
603
576
573
567
560
587
600
580
559
596
592
527
584
593
570
560
598
595
570
610
589
600
614
584
599
572
573
609
631
605
631
620
577
617
629
602
618
605
623
623
661
631
644
654
662
663
681
685
678
697
677
684
669
686
700
666
662
658
713
688
697
696
672
725
755
708
746
724
747
746
717
762
706
735
818
701
701
754
830
819
742
770
763
701
749
790
750
791
773
776
787
744
779
791
765
799
753
812
816
787
789
801
794
799
763
832
752
758
750
715
777
798
735
758
806
813
737
772
788
749
838
793
720
723
762
725
797
786
811
792
768
778
801
748
767
748
733
772
715
705
707
710
742
681
729
741
743
691
692
717
688
693
679
719
701
656
693
698
696
716
713
662
717
720
702
710
683
678
669
660
694
677
671
671
631
658
681
707
683
666
674
675
651
643
649
624
685
682
650
659
649
632
674
605
653
632
642
629
632
684
633
619
609
681
647
618
628
657
593
610
623
670
618
660
655
612
633
615
615
616
634
558
596
634
586
616
583
622
589
549
628
602
618
578
604
548
588
619
615
597
580
581
572
597
557
552
567
561
590
568
614
602
603
595
555
544
594
556
562
587
570
565
564
572
577
558
551
640
600
579
576
520
579
571
579
556
605
583
578
599
561
583
547
541
561
550
617
552
582
567
555
602
543
564
527
534
567
552
545
523
518
550
558
570
502
540
566
547
551
550
564
492
563
576
577
553
506
540
558
501
544
528
526
595
583
527
564
496
518
575
598
551
519
552
519
507
545
535
555
518
508
545
496
524
521
530
549
503
485
534
552
542
534
510
532
530
520
508
499
465
558
479
536
510
504
474
503
503
512
495
506
539
509
495
495
494
503
498
520
466
492
481
560
500
546
533
499
526
511
470
517
515
490
484
478
475
525
501
484
465
499
484
487
491
498
506
511
457
503
514
480
509
446
487
504
489
496
486
483
500
474
528
498
477
494
471
490
496
437
475
490
508
459
454
462
528
492
517
519
490
498
471
443
500
471
469
478
451
498
486
434
507
438
457
451
493
489
496
465
508
505
478
488
461
459
480
458
434
491
463
469
450
496
514
463
507
473
495
485
443
516
451
488
444
450
475
468
449
472
486
466
494
489
468
445
440
464
469
503
432
483
448
439
456
492
476
490
453
467
449
487
493
425
452
468
452
479
462
455
435
471
475
473
459
438
450
439
441
450
444
457
459
481
468
482
451
470
437
474
478
439
424
491
447
428
474
451
437
495
465
480
462
459
490
501
443
478
453
425
444
442
472
436
419
457
482
422
428
448
434
432
481
443
474
437
451
446
473
432
434
405
460
463
440
445
416
439
463
450
462
437
438
440
439
440
464
464
427
483
463
427
441
462
439
443
481
405
438
406
452
456
393
443
475
413
440
458
429
406
425
505
460
451
450
445
478
443
396
422
438
428
471
433
421
444
494
449
423
415
456
469
453
429
428
434
447
447
405
449
433
449
388
416
458
426
471
436
444
447
435
419
411
416
422
420
441
438
435
457
426
432
433
427
441
423
453
445
454
420
446
470
444
418
431
455
454
407
432
444
459
446
440
447
436
410
458
459
467
419
453
429
453
458
431
433
425
422
454
447
426
391
398
442
464
397
408
402
426
447
444
449
449
462
415
428
451
476
458
407
450
447
398
429
460
423
393
413
385
418
453
433
406
427
438
434
424
415
416
421
437
399
442
442
432
402
449
428
437
401
429
453
411
452
460
433
436
447
461
406
439
406
434
431
418
460
424
443
428
461
444
428
439
427
478
397
433
425
456
457
414
418
413
462
423
436
425
423
439
461
432
441
414
420
433
442
405
429
387
401
406
427
426
426
442
393
421
438
399
420
444
437
432
407
429
429
407
502
398
423
422
429
462
453
445
407
471
456
471
439
408
451
435
444
443
471
421
439
426
440
424
429
463
399
449
410
437
439
448
441
446
407
426
459
401
437
422
419
415
444
453
407
437
440
422
434
423
415
439
479
442
454
429
427
413
418
395
403
422
406
447
465
444
425
402
446
416
437
413
443
408
380
415
385
413
396
425
431
415
438
436
430
410
440
429
419
426
464
395
423
412
384
414
460
431
374
400
463
375
408
402
446
465
405
432
415
417
449
400
415
403
415
430
424
443
450
369
351
418
408
423
402
410
434
425
392
436
401
384
415
428
446
378
458
445
393
446
371
454
413
403
386
407
388
406
435
404
449
425
434
422
392
374
428
411
392
426
438
380
411
404
441
436
423
428
414
394
397
402
430
412
433
416
425
410
422
418
433
436
417
397
392
405
416
367
419
353
371
373
400
371
387
395
356
387
382
445
393
435
441
418
406
367
388
403
376
375
391
395
354
370
375
375
397
393
358
375
373
359
357
359
362
391
358
346
357
352
364
312
350
340
374
333
351
354
312
348
332
342
322
333
317
344
328
341
331
307
313
313
329
346
307
315
315
323
318
299
342
335
307
313
292
319
283
296
258
287
253
318
294
275
256
276
274
296
269
253
249
250
292
251
268
271
247
243
255
242
245
242
244
254
240
232
264
224
220
208
252
237
248
227
233
215
195
216
209
219
211
201
210
204
209
185
212
217
207
223
210
207
209
193
197
179
185
166
172
202
180
180
167
209
163
186
193
180
199
174
172
151
175
176
165
159
165
150
191
181
148
150
164
151
132
139
178
151
160
125
132
160
158
151
174
147
156
146
170
130
146
152
138
142
119
149
150
156
135
159
131
146
147
139
128
132
139
141
142
135
132
124
132
127
130
134
126
133
134
137
132
155
172
126
143
133
117
142
137
143
120
121
121
148
145
124
120
116
114
112
124
106
124
116
103
109
107
113
116
114
108
133
114
113
118
110
132
110
106
125
118
107
121
117
108
120
109
97
125
89
106
114
112
89
108
100
107
98
107
116
106
120
118
87
110
110
119
105
106
96
103
114
116
86
95
92
88
93
110
105
102
94
104
104
104
90
104
80
108
90
94
82
112
113
94
117
99
113
106
99
105
95
93
111
96
102
89
125
90
95
100
107
107
80
104
87
116
97
77
94
111
114
109
98
93
107
103
117
101
94
90
83
114
90
124
112
108
93
83
76
113
100
98
94
91
109
111
88
93
107
92
100
92
88
98
97
93
102
109
100
78
95
101
95
96
98
118
105
109
113
84
108
103
89
101
93
93
96
88
105
104
108
114
92
86
105
101
107
111
88
100
100
90
84
92
106
79
92
100
110
115
131
95
106
104
106
100
100
107
91
116
114
114
103
103
101
89
102
107
86
110
103
112
132
105
107
114
91
131
104
133
120
112
119
127
100
127
101
118
121
116
119
96
118
135
120
123
119
118
128
128
114
126
122
126
138
122
118
118
145
116
103
123
116
116
114
129
136
141
124
120
119
122
136
140
127
122
150
124
131
135
126
140
137
138
157
131
133
153
145
157
156
157
127
143
149
175
148
165
153
157
166
151
162
161
176
158
155
166
189
156
171
182
190
167
179
192
181
191
173
189
177
184
212
179
163
190
205
191
173
200
199
214
221
216
193
204
230
204
230
243
217
241
241
219
251
239
235
246
245
243
255
244
255
250
305
271
286
273
280
280
282
286
296
280
306
300
287
305
337
315
317
308
354
332
340
331
370
350
361
353
376
401
374
413
379
371
409
402
431
425
417
378
477
414
446
503
464
460
516
487
502
496
512
550
517
568
542
570
586
594
595
589
610
605
594
639
633
640
679
692
653
696
712
766
714
730
779
820
789
787
787
885
820
860
860
903
922
877
955
918
1006
925
1018
989
964
968
1063
1011
1087
1123
1126
1119
1141
1131
1224
1260
1172
1198
1227
1284
1234
1291
1279
1285
1448
1367
1365
1322
1363
1436
1457
1430
1451
1438
1476
1587
1559
1518
1562
1571
1620
1622
1622
1751
1690
1682
1744
1824
1834
1814
1791
1778
1790
1836
1922
1862
1848
1853
1932
1989
1989
2008
2028
1995
2068
2114
2161
2091
2066
2186
2116
2161
2199
2231
2195
2167
2266
2199
2316
2186
2289
2318
2298
2308
2339
2377
2434
2425
2422
2389
2371
2456
2416
2568
2425
2476
2484
2533
2482
2482
2620
2534
2516
2525
2493
2547
2514
2554
2576
2580
2582
2458
2561
2604
2487
2512
2584
2651
2557
2449
2582
2559
2529
2548
2488
2488
2495
2534
2514
2496
2476
2445
2531
2468
2480
2438
2436
2364
2419
2424
2361
2402
2421
2304
2398
2359
2414
2269
2376
2366
2256
2283
2290
2267
2261
2190
2278
2113
2252
2070
2089
2083
2082
2113
2100
2022
2072
2067
1961
1942
1870
1819
1863
1846
1822
1821
1758
1755
1771
1745
1684
1688
1733
1661
1681
1654
1523
1540
1594
1569
1587
1473
1476
1497
1473
1420
1396
1424
1325
1319
1284
1351
1282
1233
1175
1195
1180
1165
1167
1030
1037
1056
1004
999
1093
1020
951
921
901
893
928
912
873
855
811
792
778
784
848
769
753
727
676
670
668
640
652
644
586
617
575
577
563
592
503
504
506
529
474
491
470
453
482
425
406
400
411
356
390
386
398
318
331
314
282
312
286
306
294
266
258
251
249
238
192
202
215
218
190
221
186
212
199
181
184
171
163
190
170
153
125
130
139
127
138
130
115
106
86
103
105
108
110
85
97
83
67
84
83
84
64
58
65
67
73
69
60
58
92
60
67
57
55
61
39
51
55
51
51
53
46
57
45
39
30
27
37
43
28
37
37
30
39
34
23
42
24
30
30
36
21
17
24
23
21
19
20
9
17
23
12
27
22
21
17
28
22
21
15
7
21
13
15
20
21
16
21
12
13
15
16
15
18
8
10
14
12
18
12
20
9
9
22
7
6
15
14
9
13
8
16
15
17
16
15
11
16
13
5
6
10
8
8
15
5
11
13
9
12
10
14
8
6
12
7
10
13
9
18
14
11
9
10
5
5
16
6
9
7
9
6
9
9
6
8
16
12
9
10
5
10
12
7
4
8
4
10
7
7
10
6
12
10
9
10
8
11
14
10
5
9
5
10
3
6
10
7
3
8
4
5
5
4
10
7
3
3
8
6
9
9
7
10
9
7
12
10
9
3
8
6
6
8
5
8
5
5
4
9
9
6
3
3
3
8
7
6
7
7
10
5
7
12
3
10
3
9
5
3
6
3
9
8
5
9
5
14
4
5
11
7
4
9
3
9
7
4
8
2
8
6
6
9
4
7
5
10
3
6
7
7
4
10
9
3
4
4
8
4
4
4
6
7
7
5
3
4
4
7
4
4
5
6
10
4
5
5
4
3
6
3
10
5
5
3
3
6
6
7
6
9
4
3
10
7
9
5
5
6
8
4
6
7
9
7
7
5
6
6
5
5
7
8
2
10
3
1
7
4
5
7
5
4
5
7
2
10
5
3
6
6
7
5
5
6
8
4
3
6
4
4
10
5
6
6
6
5
7
5
7
6
7
10
3
9
7
5
5
4
7
6
5
5
5
5
5
6
3
3
10
9
5
3
5
12
5
1
6
8
5
5
8
6
9
7
5
7
8
7
4
6
6
8
6
6
6
6
6
6
4
4
10
3
4
5
3
5
3
4
4
4
5
4
2
3
3
8
5
7
9
9
5
4
4
4
3
9
6
5
5
6
7
3
9
7
5
6
4
1
8
4
5
7
5
7
2
5
4
4
6
6
8
4
6
3
3
6
5
3
10
3
11
6
3
5
5
6
4
4
5
1
4
5
3
3
2
1
6
2
5
7
7
8
4
4
7
6
12
5
4
5
2
5
6
7
3
3
4
5
3
5
4
3
8
5
3
4
6
4
5
0
4
7
4
9
5
8
6
6
4
2
1
12
4
7
6
9
1
9
5
3
4
6
0
5
5
2
5
4
3
3
7
5
7
2
7
4
3
1
3
2
4
3
3
4
2
7
7
6
3
5
2
4
0
6
5
3
2
3
4
4
2
7
3
3
5
5
2
3
3
1
1
5
3
2
2
10
1
8
8
4
7
4
4
3
7
3
7
8
5
1
5
5
2
2
3
6
7
6
6
5
4
3
4
3
3
5
6
3
3
3
3
5
9
4
6
3
3
4
3
6
4
2
1
6
1
3
2
3
4
2
8
1
4
3
7
4
2
5
6
5
1
5
2
2
5
4
4
5
4
11
5
7
6
4
4
7
4
5
5
5
2
2
4
3
3
2
4
7
1
2
1
9
5
6
3
3
4
3
2
4
3
5
1
7
4
4
2
7
6
3
3
5
6
4
4
3
4
8
4
3
7
1
2
2
3
2
4
2
8
5
1
7
4
5
8
3
9
4
3
3
6
6
0
3
3
1
2
1
1
4
2
2
5
2
2
2
3
5
4
5
7
4
1
4
2
2
4
5
6
3
7
3
6
4
7
2
2
4
5
1
0
3
6
7
6
5
3
6
4
4
2
7
4
5
2
3
5
1
2
2
4
7
4
6
1
2
3
6
4
2
3
7
2
1
4
1
3
2
2
3
7
5
3
1
2
0
1
3
0
4
4
6
2
1
1
6
5
3
3
5
2
3
3
6
1
5
4
5
6
2
0
7
7
1
1
2
1
4
8
1
3
4
1
1
7
6
4
1
6
1
5
2
8
2
7
4
1
6
4
4
4
2
3
5
2
1
5
3
1
2
1
6
3
2
3
3
4
2
4
4
3
6
1
0
1
2
1
3
2
2
3
2
1
9
6
0
3
2
3
4
2
3
2
3
3
1
3
2
5
4
0
1
1
3
2
3
4
1
2
4
1
1
5
1
1
5
1
4
2
4
5
2
5
2
2
3
3
2
3
4
3
2
3
1
3
2
2
4
3
1
2
3
1
3
3
3
3
4
2
3
5
0
2
4
4
6
3
2
5
2
4
6
2
1
5
2
3
2
6
3
4
2
3
4
3
2
4
1
1
5
4
5
1
2
1
2
4
1
4
1
0
1
1
2
2
2
0
3
1
2
2
1
6
0
3
2
4
1
4
2
0
1
2
6
3
4
3
3
3
1
1
2
3
2
1
2
0
2
0
4
4
5
3
4
1
4
3
0
5
2
5
5
3
4
3
1
4
0
1
5
3
5
6
3
2
2
2
7
1
2
6
2
1
2
0
5
0
1
4
2
1
2
3
1
2
2
1
3
9
2
2
2
3
1
2
3
2
2
2
3
2
0
3
2
4
9
2
0
4
6
4
4
3
1
2
2
1
3
3
2
1
3
3
2
2
2
0
1
1
3
3
2
4
3
2
2
2
2
5
1
1
2
2
1
2
1
4
1
2
2
1
4
4
3
2
2
1
1
6
2
6
2
3
3
5
1
3
3
1
2
3
1
2
3
4
1
2
3
1
2
3
3
4
3
1
1
1
3
1
3
3
4
2
0
7
1
3
5
1
3
3
2
4
2
1
2
4
2
1
4
1
0
1
1
5
3
3
1
0
1
3
1
2
1
3
2
2
3
3
3
1
8
4
3
3
2
4
1
3
3
1
2
2
4
0
3
1
0
1
0
3
6
3
4
3
1
3
0
2
0
2
1
4
2
5
6
1
2
4
1
4
3
2
1
3
3
0
1
0
3
2
0
0
4
5
3
0
4
3
1
2
1
1
5
2
3
2
4
1
2
3
2
1
1
3
4
2
6
5
3
3
2
5
2
4
1
1
2
4
2
0
4
1
2
0
2
6
4
2
3
3
1
5
4
1
3
0
1
2
1
3
2
4
4
3
1
2
1
3
1
1
2
1
2
5
1
2
2
3
2
2
3
4
1
3
3
2
2
1
0
1
3
2
3
3
1
0
1
6
3
2
4
2
5
3
1
2
3
6
1
2
1
3
3
1
0
3
3
2
2
3
3
3
3
4
2
2
1
2
4
3
0
1
3
3
5
4
0
2
2
2
3
2
1
1
3
0
3
1
2
2
3
4
2
2
0
1
2
2
1
0
3
0
3
2
5
2
2
1
5
1
1
2
1
1
3
2
4
0
3
2
4
2
3
0
0
4
4
2
6
1
1
2
1
2
1
2
3
3
3
0
0
0
2
3
1
2
0
3
5
2
3
3
1
0
2
1
0
1
6
5
0
2
1
2
3
2
0
2
1
3
0
1
1
3
2
0
3
1
1
1
0
2
1
0
2
3
1
1
1
2
2
3
3
0
0
1
3
3
1
2
0
1
3
3
2
6
3
4
6
3
2
1
3
2
2
1
3
1
2
4
3
2
1
0
5
1
1
1
3
5
2
1
2
2
2
2
2
1
5
1
1
1
5
1
3
1
2
2
2
2
0
2
3
2
5
2
2
2
1
1
1
2
1
3
0
1
1
3
1
0
1
2
1
2
0
3
3
0
2
2
2
3
1
1
3
2
1
2
0
1
1
3
2
1
2
1
0
1
1
0
0
0
1
2
0
2
0
2
1
3
0
3
1
0
1
2
1
3
1
1
2
0
1
2
0
1
1
2
2
2
1
4
1
0
0
1
5
3
4
1
1
6
1
1
1
2
0
0
1
0
0
3
0
3
1
0
2
2
3
1
1
4
0
1
0
0
3
2
3
1
4
1
0
3
1
1
0
0
1
1
0
3
2
4
1
2
1
3
2
1
2
1
1
1
2
3
0
0
2
1
1
5
1
1
1
3
0
1
3
2
2
1
0
2
2
0
2
0
2
4
2
5
2
1
2
4
1
0
1
2
0
0
0
2
3
1
1
1
1
1
5
2
1
1
1
1
1
1
3
0
0
1
1
2
1
1
2
2
0
2
2
0
1
2
1
2
3
2
3
0
1
0
1
1
3
1
1
1
2
0
2
2
0
1
4
3
0
1
2
1
2
0
0
1
2
0
2
0
3
1
1
0
0
3
1
3
1
2
2
1
0
1
0
2
1
0
2
3
3
0
1
1
0
1
1
4
0
1
2
7
4
0
2
1
0
0
1
3
1
3
3
1
4
1
6
0
0
1
0
0
2
0
1
2
2
1
1
3
0
1
0
2
1
2
3
1
0
0
1
3
1
1
1
3
3
1
3
0
1
0
2
1
1
3
0
4
0
4
2
1
0
0
0
1
2
4
3
0
1
1
1
1
2
3
1
0
1
0
1
1
1
3
4
1
1
0
1
1
3
0
2
2
1
1
2
1
5
2
0
3
1
1
1
1
1
2
0
2
1
1
0
4
1
2
2
3
2
2
4
1
2
3
2
1
1
1
2
2
1
0
2
3
2
3
0
1
3
2
1
2
2
2
1
0
0
3
1
1
1
0
2
0
1
3
1
1
0
3
1
3
4
2
0
2
2
2
5
5
0
1
0
1
1
1
1
1
1
1
2
1
3
0
0
2
1
1
2
1
2
0
3
1
2
4
2
2
5
4
3
2
3
4
0
2
0
0
3
2
0
1
5
1
3
1
0
1
1
1
0
0
2
1
1
2
1
2
0
1
2
0
0
2
2
4
2
1
1
2
2
2
1
3
2
0
1
1
2
1
1
2
1
1
0
1
1
2
3
1
1
1
2
0
2
1
3
1
3
0
1
1
2
1
2
1
3
2
1
2
1
1
3
1
4
2
0
2
1
2
1
1
0
0
0
5
1
0
0
3
2
1
2
0
0
3
1
0
2
4
1
3
2
1
0
0
4
2
1
1
1
1
1
0
1
3
0
1
0
0
0
2
2
1
1
0
1
0
0
1
2
2
2
1
4
2
1
1
0
4
0
2
2
1
0
2
1
0
1
0
1
2
0
0
0
1
2
1
1
1
0
2
2
0
1
0
0
2
2
1
1
2
3
0
1
0
1
0
1
0
0
0
0
0
5
1
0
1
1
2
0
3
3
0
0
1
0
1
2
2
2
1
2
0
0
0
3
1
1
1
0
1
0
0
1
0
1
2
0
1
1
0
0
1
0
1
0
0
1
0
1
0
1
2
0
2
0
0
0
0
1
0
0
2
1
0
2
0
1
2
0
1
0
3
1
1
0
0
2
1
1
2
0
1
2
3
0
0
3
1
2
0
1
0
1
1
0
0
2
1
1
2
0
0
1
1
2
0
0
1
1
2
1
3
2
1
0
1
1
4
0
1
1
1
0
0
0
1
0
1
1
0
2
1
0
0
4
1
2
1
1
2
1
1
0
1
0
2
0
2
1
0
0
0
0
0
1
0
0
0
0
1
0
1
0
1
2
3
0
3
1
0
3
3
2
2
3
1
1
1
1
1
0
0
2
1
3
1
0
2
2
1
1
1
0
2
0
2
0
0
1
0
0
0
1
2
1
0
1
0
4
0
1
3
2
2
0
0
1
1
0
1
2
1
1
1
1
2
3
1
0
2
2
2
0
2
1
0
3
1
1
1
2
0
1
1
0
1
1
1
3
0
3
2
1
1
1
3
2
2
0
2
0
1
4
3
2
3
2
0
1
0
2
1
1
3
2
1
1
4
0
0
1
1
1
1
1
1
1
2
0
4
2
2
0
1
1
3
0
3
3
2
0
1
0
0
2
1
2
0
2
0
2
2
1
0
1
0
3
1
3
0
0
1
2
1
4
0
2
4
0
1
0
1
4
1
2
1
2
1
0
2
2
0
2
2
1
1
0
2
2
3
1
1
0
1
2
0
0
2
0
0
0
0
1
0
1
0
2
1
1
3
0
2
1
1
1
1
1
0
1
2
1
0
1
0
1
0
1
1
0
1
0
1
2
0
0
1
1
0
0
0
0
1
2
1
1
1
0
0
1
2
0
0
1
2
2
1
1
0
2
0
1
1
0
0
2
0
0
2
0
0
0
1
0
0
1
0
2
0
0
0
1
0
0
0
1
0
0
0
2
3
0
1
0
1
0
1
2
0
1
0
1
0
2
1
2
0
0
0
0
1
0
0
0
1
0
0
1
0
0
1
0
1
1
1
1
0
0
0
0
0
1
0
1
0
3
0
0
0
0
1
0
1
0
0
0
0
0
0
0
2
0
0
0
1
0
2
0
0
1
1
0
1
1
0
1
0
0
0
0
0
1
0
1
2
0
1
1
0
0
1
1
0
1
2
0
0
0
0
1
0
0
1
0
0
0
0
0
0
0
0
1
1
1
0
0
0
0
0
0
1
0
0
0
1
0
0
1
0
0
0
0
0
0
0
0
0
0
0
0
0
0
2
0
0
0
1
0
0
0
0
1
0
0
1
0
0
0
0
1
0
0
0
0
0
0
0
0
0
0
0
0
1
0
0
0
0
0
0
0
0
1
0
0
0
1
0
1
0
0
0
0
0
0
0
1
0
0
1
0
0
0
0
2
0
2
0
0
0
0
1
0
0
0
2
1
0
0
2
0
0
0
0
1
0
0
0
0
1
0
0
0
0
0
1
1
1
2
0
1
0
0
0
0
0
1
0
0
0
0
0
0
0
0
1
0
0
1
0
0
0
2
0
0
1
0
0
0
0
0
0
0
0
0
0
0
0
0
0
0
0
1
0
1
0
0
0
1
1
0
0
2
0
0
0
1
0
0
0
0
0
0
0
0
0
0
0
0
0
0
1
0
0
0
0
0
1
0
1
0
0
0
0
0
0
0
0
1
0
0
0
0
0
0
1
0
0
0
0
0
0
0
0
0
0
0
1
0
1
1
0
1
1
0
0
0
1
0
0
1
0
0
2
0
0
0
0
0
0
0
0
0
0
0
0
2
0
0
0
0
1
0
1
0
0
0
0
0
0
0
1
0
0
1
1
0
0
0
0
0
0
0
0
0
1
0
1
0
0
0
1
0
0
3
0
0
2
1
0
0
0
0
0
0
0
0
1
0
0
0
0
0
0
0
0
0
0
0
0
0
0
0
0
0
0
0
0
0
0
0
0
0
0
0
0
0
1
0
0
0
0
0
0
0
0
0
0
1
0
2
0
0
0
0
0
0
0
0
0
0
1
0
1
0
0
0
0
0
0
0
0
0
0
0
0
1
0
0
1
0
0
0
0
0
0
0
0
0
2
0
1
1
1
0
0
1
0
0
1
0
0
0
0
0
0
0
0
1
1
1
1
0
1
0
0
0
0
0
0
0
0
0
0
1
1
0
0
0
0
0
0
0
1
1
0
1
0
0
2
0
0
0
1
0
0
0
0
0
1
1
0
0
0
1
0
0
0
0
1
0
0
0
0
0
0
0
1
0
0
0
0
0
0
1
0
2
0
1
0
0
0
0
1
0
0
0
0
0
0
0
0
0
0
0
1
1
0
0
0
0
0
1
0
0
0
1
0
0
1
0
1
0
0
0
0
0
1
2
0
0
0
0
0
0
0
0
0
0
1
0
0
0
0
0
0
0
0
0
0
0
0
0
0
0
0
0
0
0
0
0
0
0
0
2
0
0
0
0
0
1
0
0
1
1
0
0
0
0
1
0
0
0
0
0
0
0
0
1
0
0
0
0
0
0
0
0
0
0
1
1
0
0
0
1
0
0
1
0
1
0
0
1
0
0
0
1
0
0
0
1
0
1
0
2
0
1
1
0
0
1
0
1
1
0
0
0
0
0
1
0
0
0
0
0
0
0
0
1
0
0
1
0
0
0
0
1
0
1
1
0
1
1
0
0
0
0
1
0
0
0
1
1
0
0
1
1
0
1
0
0
0
0
1
0
0
0
0
3
0
0
0
0
0
1
1
0
0
0
0
1
0
1
0
0
0
0
0
0
0
0
0
0
1
0
1
0
0
0
0
0
0
0
0
0
0
0
2
0
0
0
0
0
0
0
0
0
1
1
0
0
0
1
0
0
0
0
0
0
0
0
0
0
0
0
0
2
0
0
1
0
0
0
0
0
1
0
0
0
1
0
0
0
0
0
0
0
0
2
0
1
0
0
0
0
1
0
0
0
0
1
0
0
1
0
2
0
0
0
0
2
0
0
0
0
0
0
0
0
0
1
0
0
0
0
0
1
0
0
0
0
0
0
1
1
0
0
0
1
0
0
0
0
0
0
0
0
0
1
0
1
0
0
0
0
0
0
0
0
0
0
0
0
1
0
0
0
0
0
0
1
0
0
1
0
0
0
0
0
0
0
0
1
1
0
0
0
0
0
0
0
0
0
0
0
0
0
0
0
0
0
0
0
0
1
0
0
0
0
0
0
0
0
0
1
0
0
0
0
0
0
0
0
0
0
0
0
0
0
0
0
1
0
0
1
0
0
1
0
0
1
0
0
0
0
0
0
0
0
0
1
0
0
0
0
1
0
0
0
0
0
0
0
0
0
0
0
0
0
0
0
1
0
0
0
0
0
1
0
0
0
0
0
1
0
0
0
0
0
0
1
0
0
0
0
0
0
0
0
0
0
1
0
0
1
0
0
0
0
0
0
0
0
0
0
0
0
0
0
0
1
0
0
0
0
0
0
0
0
0
1
0
0
0
0
0
0
0
0
0
0
0
0
1
0
0
0
0
0
0
0
0
0
0
0
0
0
0
0
0
0
0
0
0
0
0
1
0
0
0
0
0
0
0
0
0
0
0
0
0
0
0
0
1
0
0
0
1
0
0
0
0
0
0
0
0
0
0
0
1
0
0
0
0
0
0
1
0
0
0
0
0
0
0
0
0
0
1
0
0
0
0
0
0
1
0
0
0
0
0
0
0
0
0
0
0
0
0
0
0
0
0
0
0
0
0
0
0
0
0
0
1
0
0
0
1
0
0
0
0
0
0
0
0
1
0
0
0
0
0
0
0
0
0
0
0
0
1
0
0
0
0
0
0
0
0
0
0
0
0
0
0
0
0
0
0
0
0
0
0
0
0
0
0
0
1
0
0
0
0
0
0
0
0
0
0
0
0
0
1
1
0
0
0
0
0
0
0
0
0
0
0
0
0
0
1
0
0
0
0
0
0
0
0
0
1
0
1
0
0
0
0
0
0
0
0
0
0
1
0
0
0
0
0
0
0
1
0
0
1
0
0
0
0
0
0
0
0
0
0
0
0
0
0
0
0
0
0
0
1
0
0
0
0
0
0
0
0
0
0
0
0
0
0
0
1
0
0
0
0
0
0
0
0
0
0
0
0
1
1
0
0
0
0
0
1
0
1
0
0
0
0
0
0
0
0
0
0
0
0
0
0
0
0
0
0
0
0
0
0
0
0
0
1
0
0
0
1
0
0
0
1
0
0
0
0
0
0
0
0
0
0
0
0
1
0
1
0
0
0
0
0
0
0
0
0
1
0
0
1
0
1
0
0
0
0
0
0
1
0
0
0
0
0
0
0
0
1
0
0
0
0
0
0
0
0
0
0
0
0
0
0
0
0
0
0
0
0
0
0
0
0
0
0
0
0
0
1
0
0
0
0
0
0
0
0
0
1
0
0
0
0
0
0
0
0
1
0
0
1
0
0
0
0
0
1
0
1
0
0
0
0
0
0
0
0
0
1
0
0
0
0
0
0
0
0
0
0
0
0
0
0
0
0
0
0
1
0
0
0
0
0
0
0
0
0
0
0
0
0
0
1
0
0
0
0
1
0
0
0
0
0
0
1
1
0
0
0
0
0
0
0
0
0
0
0
0
0
0
0
0
0
0
0
0
0
0
0
0
0
0
0
0
0
0
0
0
0
0
0
0
0
0
0
0
0
0
0
0
0
0
0
0
0
0
0
0
0
0
1
0
0
0
1
0
0
0
0
0
0
1
0
1
0
0
0
0
0
0
0
0
0
0
0
0
0
0
0
0
0
0
0
0
0
0
0
0
0
0
0
0
0
0
0
0
0
0
0
0
0
1
0
0
0
0
0
0
0
0
1
0
0
0
0
0
1
0
0
0
0
0
0
0
0
1
0
0
0
0
0
0
0
0
1
0
0
0
0
0
0
0
0
0
0
0
0
0
0
0
0
0
0
0
0
0
0
0
0
0
0
0
0
0
0
0
0
0
0
0
0
0
0
0
0
0
0
0
0
0
0
0
0
0
0
0
0
0
0
0
0
0
0
0
0
0
0
0
0
0
0
0
0
1
0
0
0
0
0
0
0
0
0
0
0
1
0
1
0
0
1
0
0
0
0
0
0
0
0
0
0
0
0
0
0
0
0
0
0
0
0
1
0
1
0
0
0
0
0
1
0
0
1
0
0
0
1
0
1
0
1
0
0
1
0
0
0
0
0
0
0
0
0
0
0
0
0
0
0
0
1
0
0
0
0
0
0
2
0
0
0
0
0
1
0
0
0
1
0
0
0
1
0
0
0
0
0
1
0
1
0
0
0
0
0
1
0
0
0
0
0
0
0
0
0
0
0
0
0
0
0
1
0
0
0
0
1
0
1
0
0
1
0
0
0
0
0
0
0
0
0
0
0
0
1
0
0
0
0
0
1
0
0
0
0
0
0
0
0
0
0
0
0
0
0
1
1
0
0
0
0
0
0
0
0
0
0
1
0
0
1
0
0
0
0
1
0
0
0
0
0
0
0
1
1
0
1
1
0
0
1
0
0
0
1
0
0
0
0
0
0
0
0
1
1
0
0
0
0
0
0
0
0
1
0
0
1
0
1
0
0
0
0
0
0
0
0
2
0
0
1
0
0
0
0
0
0
0
0
0
0
0
0
0
0
1
0
0
0
0
0
0
0
0
0
0
0
0
0
0
0
0
0
2
0
1
0
0
0
0
0
1
0
0
1
0
0
0
0
0
0
0
0
0
0
0
0
0
0
1
0
0
0
0
1
0
0
0
0
0
0
0
0
0
0
0
0
0
0
0
0
0
0
0
0
0
0
0
0
0
0
0
1
0
0
0
0
0
0
0
0
0
0
1
0
0
0
0
0
0
0
0
0
0
0
1
0
0
0
0
0
0
0
0
1
0
0
0
0
0
0
0
0
0
0
0
0
0
0
0
1
1
0
1
0
0
0
0
0
0
0
0
0
1
0
0
0
0
0
0
0
0
0
0
0
0
0
0
0
0
0
0
0
0
0
0
0
0
0
0
0
0
0
0
0
0
0
0
0
0
0
1
0
0
0
0
1
0
0
0
0
0
0
0
0
0
0
0
0
1
0
0
0
0
0
0
0
0
0
0
0
0
0
0
0
0
0
0
1
0
0
0
1
0
0
0
0
0
0
0
0
0
2
0
0
0
0
0
0
0
0
0
0
2
0
0
1
0
0
1
0
0
0
0
0
1
0
0
0
0
2
0
0
1
0
0
0
0
0
0
0
1
0
0
0
1
0
0
0
0
2
1
0
0
0
0
0
0
1
0
0
0
0
0
0
0
0
0
0
0
0
0
0
0
0
0
0
0
0
0
0
0
0
0
0
0
0
0
2
1
0
0
0
0
0
0
0
0
1
0
0
0
0
1
1
0
0
0
0
0
0
0
0
0
1
0
0
0
0
1
0
0
0
0
0
0
0
0
0
0
0
0
0
0
0
0
0
0
0
0
0
0
0
0
0
0
0
0
0
0
0
0
0
0
1
0
0
0
0
0
1
0
0
0
0
0
0
0
0
0
0
0
0
0
0
0
1
0
0
0
0
0
0
0
0
0
0
0
0
0
0
0
0
0
0
0
0
0
0
0
0
0
0
0
0
0
0
0
0
0
0
0
0
0
0
0
0
0
0
0
0
0
0
0
0
0
0
0
0
0
0
1
0
0
0
0
0
0
1
0
0
0
0
0
0
0
0
0
0
0
0
1
0
0
0
0
0
0
0
0
0
0
0
0
0
1
0
0
0
1
0
0
0
0
0
1
0
0
0
0
0
0
0
0
0
0
1
0
0
0
0
0
0
0
0
0
0
0
0
0
0
0
0
1
0
0
0
0
0
0
0
0
0
0
0
0
0
0
1
0
0
0
0
0
0
0
0
0
0
0
0
0
0
0
0
0
0
0
0
0
0
0
0
0
0
0
0
0
0
0
0
0
0
0
0
0
1
0
0
0
0
0
0
0
0
0
0
0
0
0
0
0
0
0
0
0
0
0
0
0
0
0
0
0
1
0
0
0
0
0
0
0
0
0
0
0
0
0
0
0
0
0
0
0
0
0
0
0
0
0
0
0
0
1
0
0
0
0
0
0
0
0
0
1
0
0
0
0
0
0
0
0
1
0
0
0
0
0
0
0
0
0
0
0
2
4
3
5
3
5
7
4
3
7
4
2
0
3
1
1
2
3
3
1
3
5
0
1
4
1
2
2
3
3
1
3
3
3
2
1
4
1
1
2
2
0
6
3
4
2
1
1
3
2
3
8
0
1
2
4
7
2
5
2
3
0
0
3
1
3
5
3
1
2
5
5
3
3
3
3
3
3
2
3
3
2
1
0
4
2
4
2
4
1
3
2
5
7
2
0
2
3
0
3
0
3
2
3
1
4
2
4
0
4
4
2
3
2
0
3
2
3
3
2
6
3
3
4
4
3
3
0
