0
0
0
0
0
0
0
0
0
0
0
0
0
0
0
0
0
0
0
0
0
0
0
0
0
0
0
0
0
0
0
0
0
0
0
0
0
0
0
0
0
0
0
0
0
0
0
0
0
0
0
0
0
0
0
0
0
0
0
0
0
0
0
0
0
0
0
0
0
0
0
0
1
0
0
0
1
0
0
0
0
1
1
0
0
1
0
0
2
2
0
3
4
2
2
1
2
3
4
8
42
179
400
483
516
521
550
503
430
428
416
409
356
341
410
370
372
396
400
332
353
329
327
280
265
235
240
206
215
219
186
189
211
201
199
193
190
182
174
168
163
140
145
152
154
139
147
154
128
116
127
127
132
107
123
124
120
114
112
113
111
139
105
119
105
121
122
130
121
129
115
110
107
103
138
130
126
107
115
114
102
107
134
123
134
124
115
120
120
106
122
106
104
109
129
114
110
107
122
116
124
111
120
122
137
119
115
112
120
124
112
131
123
117
110
100
130
123
108
119
118
134
123
128
114
117
121
122
126
145
127
101
116
106
113
113
99
109
121
119
108
110
122
110
128
114
146
107
108
124
129
129
127
99
127
139
143
118
125
142
128
129
122
123
110
96
115
130
119
111
125
112
116
129
126
122
115
120
134
114
117
112
122
111
108
119
141
132
106
138
115
122
105
116
109
121
101
120
144
133
123
105
131
139
129
134
118
121
124
142
114
137
119
130
124
115
141
119
122
127
99
122
122
118
121
133
119
116
119
119
128
107
130
119
125
112
111
113
109
122
125
110
125
135
115
135
123
142
116
116
128
134
139
134
127
118
114
131
119
101
135
112
118
126
104
131
105
116
133
128
117
110
138
127
140
97
109
132
125
124
110
114
121
118
125
136
118
127
115
127
131
109
115
123
94
111
130
124
141
131
114
109
138
127
133
114
121
112
127
143
118
127
122
108
119
111
136
103
133
126
117
131
130
138
118
112
128
130
92
125
112
115
114
110
131
99
112
114
129
127
130
134
135
115
122
107
124
102
97
113
88
142
117
118
124
118
116
108
129
124
136
132
128
118
114
123
113
103
118
90
141
149
149
128
111
123
133
122
138
119
124
108
129
142
132
146
123
116
111
127
137
109
126
115
133
124
117
111
133
118
142
123
121
113
141
144
117
122
116
137
127
104
119
121
127
111
109
114
128
103
126
118
120
117
119
119
112
121
131
117
115
136
134
135
128
113
129
129
106
125
133
111
111
135
105
127
122
138
121
111
141
117
121
120
121
120
116
114
126
127
118
116
122
128
131
100
111
118
143
137
127
135
119
107
118
114
112
137
130
122
106
111
143
121
129
116
126
130
138
123
116
114
126
121
127
100
130
120
133
126
121
120
136
111
131
121
131
131
114
118
143
110
129
141
125
140
117
135
109
116
105
108
115
121
123
118
110
105
123
131
123
132
114
124
122
124
119
114
120
108
131
137
131
110
132
115
122
121
139
140
123
120
121
109
142
123
127
123
131
121
116
119
129
125
138
132
135
125
146
124
142
137
134
135
123
126
142
132
127
134
154
125
155
123
138
141
137
141
135
134
133
154
107
159
145
129
139
159
142
136
157
144
141
141
143
147
122
147
162
168
162
144
142
157
155
170
174
150
164
148
155
164
152
160
145
164
162
144
170
152
161
162
168
158
158
163
185
191
156
154
175
186
164
178
182
173
184
179
190
167
167
181
159
150
180
177
163
200
159
185
171
161
184
174
186
153
190
147
177
159
168
174
200
173
177
200
158
185
171
172
162
154
174
172
153
167
163
167
187
162
160
162
181
181
164
156
149
148
181
161
158
178
163
167
182
165
152
158
152
169
161
174
158
139
158
166
166
155
158
162
162
145
153
154
162
154
151
147
159
170
167
156
150
162
137
139
139
146
152
171
163
163
160
167
127
151
138
160
174
153
137
153
170
144
150
141
162
141
177
142
130
132
124
113
144
130
136
138
138
165
141
138
135
148
156
154
155
144
147
141
156
134
161
151
148
174
148
156
151
124
151
145
132
138
137
141
139
155
127
125
133
125
131
131
135
131
162
125
133
159
122
130
139
144
142
149
127
105
140
134
129
151
123
143
132
141
137
129
131
135
123
121
131
128
110
130
155
137
126
138
143
133
147
129
128
139
133
128
115
127
130
138
127
133
117
144
129
122
123
140
128
146
131
129
109
108
130
113
114
145
139
124
128
126
119
145
140
125
122
141
118
132
130
127
122
132
139
105
113
140
108
119
151
120
104
123
114
114
121
116
113
138
148
132
115
130
116
125
113
125
133
116
120
107
127
118
108
117
118
96
99
122
117
139
112
130
123
100
103
141
117
129
132
118
112
133
104
117
116
133
133
111
118
100
95
129
116
110
116
125
130
110
127
99
124
102
138
129
103
120
121
94
101
138
106
114
113
128
99
112
113
111
117
110
124
102
116
110
110
117
111
125
102
116
113
112
125
135
125
103
111
130
104
100
127
110
106
104
101
126
101
105
110
113
124
106
105
111
101
106
99
120
113
107
125
134
114
98
93
115
110
107
83
107
125
111
103
103
95
127
130
114
100
114
115
115
105
106
95
121
120
123
112
139
107
108
126
125
113
111
108
120
92
124
106
104
108
119
104
113
100
114
99
94
120
98
103
102
119
120
122
110
97
117
107
84
129
110
86
106
116
102
124
101
111
110
116
108
126
133
118
116
113
127
109
116
88
140
88
110
122
116
101
90
107
97
119
126
92
102
101
104
102
107
110
119
98
101
99
99
108
103
114
93
111
99
98
97
102
79
98
111
101
113
100
98
107
112
93
108
95
110
109
76
95
107
110
109
121
122
114
113
103
111
105
88
98
113
125
114
100
122
110
101
100
101
121
107
96
99
97
110
110
95
118
106
81
112
99
97
100
101
114
92
112
101
84
102
102
95
101
109
93
92
107
105
90
95
117
89
95
109
115
111
96
89
110
91
83
107
126
112
85
115
100
94
89
107
96
102
104
103
92
104
95
104
115
83
99
118
99
118
92
105
100
96
89
89
104
85
124
93
100
97
108
115
96
105
105
107
114
108
99
74
96
104
94
98
105
106
110
86
98
121
97
93
99
99
109
111
81
98
98
106
107
106
102
104
108
82
111
103
98
118
88
107
108
91
101
98
87
97
106
97
112
116
107
83
99
97
114
89
96
88
92
103
112
122
99
94
116
116
107
100
108
97
96
124
95
106
95
102
93
114
98
95
103
99
95
99
90
109
101
107
95
106
105
100
98
95
96
100
89
99
92
84
114
98
107
84
95
88
95
102
102
89
98
85
82
97
101
96
92
106
81
113
95
116
98
118
103
116
94
95
108
99
90
105
84
89
103
86
95
89
116
109
104
108
86
98
84
104
114
106
90
77
104
106
108
93
82
94
86
85
80
90
80
108
84
79
90
104
109
98
88
87
93
101
102
88
89
94
112
100
109
100
106
118
115
92
90
94
89
96
100
84
90
103
102
85
89
99
116
109
106
87
67
85
98
85
125
102
93
115
111
83
93
101
97
104
108
102
100
90
97
103
107
113
93
87
100
93
88
116
96
97
82
105
105
104
126
93
105
102
88
103
98
94
106
83
109
95
85
95
99
116
87
106
102
99
101
91
87
78
86
105
92
93
88
106
111
78
118
103
86
96
98
90
101
104
91
103
90
119
128
95
99
92
103
87
73
94
119
96
90
75
77
80
108
97
100
89
86
97
112
95
86
94
114
109
92
83
92
103
111
106
117
81
99
110
69
90
99
101
101
100
102
107
100
91
117
84
100
88
111
102
95
79
88
77
105
95
86
86
106
102
81
93
110
101
92
91
108
103
102
84
113
85
103
91
70
96
109
99
97
93
92
101
89
85
97
101
90
91
93
91
89
95
86
99
99
87
89
93
94
88
73
89
94
112
98
90
72
87
79
73
117
101
89
93
96
95
80
80
88
85
97
95
106
78
93
85
103
100
106
98
102
94
84
86
86
99
85
99
100
86
76
76
81
93
74
78
101
96
84
101
73
89
81
75
94
73
74
74
90
84
79
105
76
81
72
77
92
86
65
86
75
78
74
66
74
80
76
72
79
76
71
69
76
78
81
59
58
73
71
79
69
70
58
64
72
77
71
82
78
55
75
83
67
68
59
81
59
59
75
69
54
49
54
64
57
62
71
55
63
59
62
66
64
66
62
64
77
85
43
53
63
56
51
73
69
69
36
61
53
48
45
41
50
45
56
50
35
45
47
43
49
45
47
56
45
55
42
47
50
40
44
59
49
42
41
41
39
54
51
36
35
39
26
42
44
42
51
38
38
33
42
27
44
36
44
35
38
35
33
35
29
27
42
42
32
43
28
39
40
39
38
35
38
36
36
26
26
31
34
40
32
41
25
31
36
24
23
29
34
35
23
24
30
29
37
29
34
38
46
25
37
23
30
34
29
35
37
27
33
26
26
32
28
20
30
28
35
35
29
18
34
32
23
21
29
38
23
23
23
27
37
30
21
25
28
31
26
18
22
26
24
31
20
20
26
32
25
24
23
29
36
26
27
21
19
25
27
18
29
24
32
43
32
26
29
35
21
29
26
28
21
31
28
23
24
30
21
14
16
26
21
24
21
15
17
24
17
28
28
24
16
32
28
21
18
34
32
33
31
23
30
19
36
19
23
15
28
14
16
20
16
16
20
28
16
29
24
30
32
28
16
14
18
23
27
12
26
16
33
22
20
22
26
15
24
15
18
21
26
18
22
19
24
19
32
15
19
13
17
22
22
19
20
29
15
18
17
16
23
27
23
25
14
25
29
26
17
26
18
22
24
20
27
21
14
33
19
20
28
32
24
19
26
26
21
29
18
27
24
29
21
23
28
21
17
16
25
22
30
20
22
20
11
23
28
25
19
18
23
22
21
18
25
20
14
11
32
19
18
17
20
19
22
26
28
22
16
35
20
22
18
22
29
24
33
30
16
30
18
21
29
26
25
29
19
19
19
25
28
28
24
33
24
23
36
22
30
22
20
16
22
32
24
29
25
21
29
24
30
19
24
23
21
28
26
22
24
38
26
19
15
19
23
29
24
27
29
27
28
36
29
27
26
21
23
38
24
24
34
22
34
26
40
28
28
25
32
37
26
27
29
33
39
30
29
31
28
28
36
24
39
34
25
30
40
29
32
28
42
38
32
32
29
36
31
30
39
34
36
31
37
37
44
41
36
36
42
45
35
43
45
37
46
37
37
47
42
37
37
39
43
32
56
41
54
46
43
46
44
41
43
40
46
52
43
42
55
48
41
49
59
40
68
60
55
55
51
59
60
48
49
49
41
50
57
65
78
61
68
60
52
68
69
64
76
72
66
71
63
69
80
73
80
66
77
84
85
76
100
79
89
80
76
67
93
93
108
86
104
93
92
90
89
113
103
109
96
105
120
123
113
108
105
120
105
130
117
122
141
132
117
119
147
142
140
130
155
141
132
143
149
158
168
156
152
167
167
143
157
171
174
180
170
181
197
204
191
188
208
204
198
212
179
203
186
211
218
220
195
252
208
226
243
247
276
263
272
289
251
267
263
256
261
270
277
284
262
307
286
320
313
315
321
316
298
313
329
306
337
327
351
387
354
376
335
338
389
354
361
368
416
403
388
407
373
393
389
423
442
384
443
448
429
413
460
459
437
419
471
454
485
496
441
537
422
494
526
501
500
488
486
489
500
513
514
527
468
476
549
580
556
504
538
517
480
545
552
569
546
564
561
581
588
625
556
559
556
552
539
590
547
581
593
607
602
540
591
626
604
572
584
592
611
603
585
607
597
540
590
593
574
592
591
575
570
583
575
605
539
593
571
562
542
531
593
556
519
582
577
570
562
557
599
543
570
558
536
535
580
578
524
524
532
523
554
511
526
541
506
496
478
496
489
514
503
509
512
497
460
465
447
491
491
464
438
448
430
482
434
435
403
416
403
405
413
390
399
344
381
412
350
357
361
372
356
371
350
330
368
362
338
332
309
344
348
322
288
296
279
284
317
306
288
270
271
228
263
259
247
272
252
224
257
224
228
222
230
214
215
227
215
173
174
226
195
203
189
203
177
185
175
174
176
166
161
161
146
151
132
136
165
149
129
145
150
135
134
101
118
116
120
105
92
101
94
101
113
95
81
102
104
91
84
78
68
76
75
79
70
72
58
71
63
71
53
61
69
52
54
59
56
38
42
47
41
51
35
53
38
37
38
31
45
37
23
30
25
38
22
24
32
28
23
30
22
18
22
20
24
18
28
18
25
28
23
16
15
26
15
12
19
13
18
13
16
12
12
18
10
12
14
11
12
9
22
8
11
8
8
9
9
15
6
10
9
6
9
13
8
5
6
12
5
5
7
9
7
8
4
4
7
5
3
4
5
3
4
6
8
1
9
4
7
2
1
7
4
4
6
3
7
4
6
5
5
3
5
4
3
1
2
2
3
2
1
0
4
2
2
0
2
1
3
4
1
4
3
1
1
1
3
3
3
2
4
0
3
6
3
3
6
5
3
1
4
2
0
5
2
2
2
1
4
1
1
0
2
1
2
4
4
3
4
3
0
2
2
2
1
3
3
0
1
1
2
1
2
2
1
6
3
0
2
2
0
2
1
2
0
4
1
3
0
2
2
5
2
2
1
0
5
4
4
3
2
2
2
0
0
3
0
1
1
0
3
0
1
5
5
1
3
0
1
2
0
2
1
3
2
0
2
0
3
5
1
1
1
1
1
1
2
2
3
0
2
1
2
1
2
2
2
1
1
0
2
1
2
3
5
1
3
1
2
2
2
1
2
1
0
1
0
2
2
1
3
0
1
2
3
1
1
1
2
0
2
0
3
1
2
1
0
0
1
1
3
2
1
3
1
0
1
2
1
0
3
0
4
0
2
1
0
2
3
1
3
0
0
1
2
0
0
1
1
1
1
0
1
0
1
3
0
0
2
0
3
1
2
0
1
2
1
1
1
4
2
1
2
1
1
2
4
2
1
0
1
2
1
2
1
0
0
1
4
0
2
1
2
1
0
1
2
2
2
0
2
0
1
0
0
1
3
1
2
1
3
0
1
3
2
0
0
1
0
1
0
3
1
1
1
0
3
0
5
2
2
0
0
6
1
0
2
1
2
0
0
0
0
0
0
0
1
3
0
1
0
2
0
0
1
3
1
1
1
1
3
3
0
1
3
0
1
1
3
2
1
0
0
0
3
3
3
0
1
0
0
1
2
0
1
0
2
1
0
0
3
1
2
2
1
1
4
1
1
1
3
2
1
0
1
1
0
1
2
0
0
0
0
0
5
1
1
1
2
1
0
2
3
5
0
1
2
2
1
0
2
1
0
0
0
4
3
0
1
2
0
2
1
1
3
1
0
1
1
0
0
0
1
1
2
1
1
0
1
1
3
2
1
3
1
2
1
1
2
1
1
1
1
1
2
0
0
3
0
0
1
0
0
5
1
1
4
3
1
0
0
0
0
0
2
0
1
0
0
0
0
1
2
1
1
0
1
3
2
0
0
1
0
0
2
1
1
2
0
2
2
0
3
0
1
0
0
0
0
1
1
2
1
0
1
2
1
1
2
2
0
1
0
3
2
0
2
1
0
1
0
2
0
0
0
0
0
0
1
0
2
1
3
0
1
1
1
1
1
0
0
2
3
0
1
1
0
0
2
0
1
1
1
0
2
1
2
0
1
0
1
2
1
1
1
0
2
0
1
0
0
1
1
2
0
2
0
0
0
1
2
1
2
0
0
0
0
0
1
1
0
3
0
2
1
0
2
3
4
1
1
3
0
2
2
0
1
1
0
4
0
0
0
3
2
1
1
1
0
1
0
1
0
0
0
3
0
0
1
2
3
1
1
2
2
2
3
0
2
1
3
2
2
1
1
0
0
0
3
3
2
1
0
2
1
0
0
1
3
0
1
2
0
0
4
1
2
3
1
2
2
0
1
0
0
3
2
0
0
0
2
1
1
0
1
2
0
1
0
0
2
4
0
0
1
1
2
0
2
1
1
1
0
1
0
2
2
0
1
2
0
1
1
0
1
2
1
2
2
2
3
2
0
0
2
0
0
1
0
1
2
0
1
1
1
0
0
0
0
0
0
1
2
0
0
1
1
0
0
2
1
0
0
1
1
1
1
1
2
4
1
1
0
0
0
1
0
1
0
0
1
3
0
0
0
1
0
1
0
0
0
1
1
0
0
0
2
1
0
0
1
0
0
2
0
1
0
1
1
1
1
3
2
0
0
0
1
3
0
1
0
2
1
0
1
2
1
1
0
1
1
0
3
1
1
2
0
3
1
0
0
1
1
2
1
0
0
1
1
0
1
1
0
1
0
0
0
0
1
0
0
0
0
1
0
3
1
1
1
1
1
2
0
0
1
0
1
1
1
0
0
1
2
0
3
1
0
0
3
0
0
1
1
0
1
2
0
1
0
0
0
1
2
0
3
1
0
0
0
0
1
0
3
0
2
0
0
0
0
1
0
0
2
1
1
0
2
1
0
0
1
1
1
1
2
1
2
1
1
1
1
0
2
1
1
1
2
0
2
1
2
1
1
2
3
2
0
2
1
0
0
1
0
0
0
1
0
2
1
1
0
1
1
2
1
0
1
2
0
2
1
1
1
1
0
0
0
1
1
2
1
0
0
3
1
0
1
1
0
1
0
0
2
0
2
0
0
1
0
0
1
1
2
3
0
2
1
0
0
2
2
0
1
0
2
1
0
0
0
3
2
0
0
1
0
0
2
0
0
1
1
0
0
1
0
0
0
2
1
0
1
2
2
1
0
0
1
1
0
0
0
1
0
0
0
0
1
0
0
0
2
1
0
1
0
1
0
0
0
2
0
1
0
1
0
1
0
0
1
1
0
0
0
0
1
0
0
0
1
1
0
1
0
2
0
0
1
1
1
1
0
0
0
0
1
0
0
0
0
0
1
0
0
0
0
0
0
2
0
1
1
0
0
0
1
1
4
0
1
0
0
1
0
0
0
0
0
0
0
1
0
0
0
0
0
0
1
0
1
1
0
0
2
1
0
1
1
0
0
0
0
1
0
1
0
1
0
0
0
1
0
0
0
0
2
0
0
0
3
0
0
2
1
1
0
3
0
1
0
1
0
0
1
1
0
1
0
0
1
0
1
0
0
1
0
0
0
0
0
1
0
1
0
1
0
0
0
1
1
1
0
1
2
0
3
0
0
0
0
1
1
0
0
0
0
0
1
0
2
1
0
0
1
1
0
1
1
0
1
0
0
2
0
1
0
1
1
0
1
0
0
0
0
0
1
0
1
0
1
2
0
0
1
1
1
0
0
0
0
3
2
1
1
0
0
2
1
0
1
1
1
1
0
2
0
1
0
1
1
0
0
0
0
1
0
0
2
0
0
1
0
0
0
0
0
2
1
0
1
0
0
2
1
1
1
0
1
2
1
1
0
2
0
0
1
0
1
0
0
1
1
0
0
0
0
0
0
0
2
3
0
0
0
0
0
0
1
1
1
0
1
0
1
1
1
1
0
0
0
1
0
1
2
1
0
1
0
0
0
1
1
0
0
0
0
0
1
1
0
0
1
0
1
0
0
0
0
0
2
0
3
0
1
0
1
0
1
1
0
0
0
0
0
0
0
0
0
0
0
1
0
0
0
1
2
0
0
2
1
0
0
1
1
1
2
2
0
0
1
0
0
0
1
0
0
2
0
0
0
0
0
0
1
1
1
1
1
0
0
0
2
1
0
0
1
0
0
1
0
0
0
1
0
1
2
1
2
0
1
0
0
0
1
0
0
0
0
0
0
1
0
0
0
0
0
2
1
0
1
0
0
1
3
1
1
0
2
1
0
2
1
0
1
0
0
1
0
0
0
0
1
1
0
0
0
0
0
2
0
0
1
1
2
0
0
2
0
1
0
0
0
2
1
1
1
0
0
0
0
0
1
0
1
0
0
1
0
1
0
0
0
0
1
1
0
0
0
1
1
0
1
3
1
0
0
0
0
0
2
0
0
0
1
1
1
0
0
1
1
0
0
0
1
0
0
1
0
1
1
0
1
1
0
0
0
0
0
0
0
1
2
1
0
0
0
0
0
0
1
0
0
0
1
0
0
0
0
0
0
0
0
0
0
2
1
0
0
0
1
0
1
0
1
2
0
0
1
0
0
0
0
0
0
0
2
0
0
0
0
0
0
1
0
1
0
0
0
1
0
0
0
0
0
0
0
0
0
0
2
0
1
0
0
0
0
0
0
0
0
0
0
0
2
0
0
0
1
0
1
0
1
0
1
0
0
0
0
1
0
0
0
1
0
1
1
0
0
2
0
0
0
0
1
0
0
0
1
1
0
1
0
0
0
1
0
0
0
0
1
1
1
0
1
0
2
0
0
0
0
0
0
1
1
0
0
0
0
0
0
0
0
0
1
0
0
0
1
0
0
0
0
0
1
0
0
1
0
1
0
1
2
0
0
1
1
0
0
1
0
0
0
0
0
0
0
0
0
1
1
0
0
1
0
0
1
1
0
0
0
1
0
1
0
1
0
0
0
0
0
0
0
1
0
0
0
0
1
0
0
1
0
0
1
1
1
0
0
2
0
0
1
0
1
1
1
1
0
0
0
0
0
1
1
0
0
0
0
0
0
0
0
1
3
0
2
0
0
0
1
0
1
0
1
0
0
0
0
0
1
1
0
0
0
0
1
0
0
0
0
0
1
0
0
0
0
0
0
0
0
0
0
2
0
0
0
0
0
1
0
0
0
1
1
0
0
0
0
0
0
1
0
1
1
0
0
0
0
0
0
0
1
0
1
0
1
0
1
0
0
0
0
0
0
0
1
0
1
0
0
0
0
0
0
1
0
0
0
1
0
0
0
0
0
1
0
0
0
0
0
2
0
1
0
1
0
0
0
0
0
0
0
0
2
1
0
0
0
0
0
1
0
0
0
1
2
0
0
1
0
2
0
0
0
1
1
1
0
1
0
2
2
1
0
0
0
0
1
0
0
0
0
0
0
0
0
0
0
0
1
0
0
0
0
3
0
0
0
0
0
0
0
1
1
0
0
0
0
0
0
0
1
0
0
0
0
0
0
0
0
0
0
0
1
1
1
1
0
0
1
0
1
0
0
0
0
0
1
0
0
1
0
0
0
0
2
0
0
0
0
0
0
0
0
0
0
0
1
0
0
0
1
1
0
0
0
0
0
0
0
0
0
0
0
0
0
1
0
1
2
0
0
3
0
1
2
0
0
1
0
1
0
0
0
0
1
2
0
0
1
0
0
1
0
1
0
0
0
0
0
0
1
0
1
0
0
0
0
1
0
0
0
0
0
0
1
0
0
0
0
0
0
0
0
2
0
1
0
0
0
0
0
0
0
2
0
0
0
0
0
2
1
0
0
0
0
0
0
0
1
0
2
0
0
0
1
0
0
0
0
1
1
0
0
1
1
1
0
0
0
0
0
0
1
1
0
0
1
0
0
0
1
0
0
0
0
0
0
0
0
0
0
0
0
1
1
0
0
1
0
1
3
0
0
0
1
0
1
2
0
0
0
2
0
2
1
0
1
1
0
0
0
0
0
0
0
0
0
1
1
0
0
0
0
0
0
0
0
1
0
0
0
1
0
0
0
0
0
0
0
0
0
0
0
0
0
0
0
1
1
0
1
0
0
0
0
1
0
0
0
0
0
0
0
0
0
1
0
0
0
1
0
0
1
1
0
0
1
1
0
1
1
1
0
0
0
0
0
1
0
0
0
0
0
0
0
0
0
0
0
1
0
0
0
0
0
0
0
0
0
0
2
0
0
0
1
0
0
0
0
0
1
0
0
0
1
1
0
0
0
0
0
0
0
0
1
0
0
0
1
0
0
1
1
0
0
1
0
0
0
0
0
0
0
0
0
0
1
0
0
0
1
0
0
0
0
0
0
0
0
0
0
0
0
0
2
0
0
0
1
0
0
0
1
0
0
2
1
0
0
0
0
1
0
1
0
0
0
0
2
1
0
0
1
0
0
0
0
1
0
0
0
0
0
1
0
0
0
0
0
0
1
2
0
0
0
0
0
0
0
1
0
0
0
0
0
1
0
0
0
0
1
0
1
1
0
0
0
0
2
0
0
0
0
0
0
0
0
0
0
0
1
0
0
1
0
0
0
0
0
0
0
0
0
0
0
0
1
0
0
1
1
1
0
1
0
0
1
0
0
0
0
0
0
0
0
0
1
0
0
0
0
1
0
1
0
2
0
0
0
0
1
0
1
1
0
0
1
2
0
1
2
0
2
1
0
1
3
2
1
0
1
0
0
0
0
0
1
0
1
0
0
0
0
2
0
0
0
0
0
0
1
0
0
0
0
0
0
0
1
0
0
0
0
0
0
0
1
0
0
0
0
0
0
1
0
0
0
0
0
1
2
0
2
0
0
1
0
2
1
0
0
1
0
0
1
0
1
0
0
0
0
1
0
1
1
0
0
1
0
0
0
0
0
1
0
1
0
0
0
1
0
0
2
0
1
1
0
0
1
1
0
1
0
0
0
0
1
0
0
0
0
1
0
0
0
0
1
1
0
0
0
0
0
0
0
0
1
1
0
1
1
0
0
0
0
0
2
0
0
0
1
0
1
0
0
0
1
0
0
0
0
0
0
0
0
0
0
0
0
0
0
0
0
0
1
1
0
1
0
0
0
0
0
0
0
0
0
0
0
0
1
0
0
0
0
0
0
0
0
0
0
1
0
0
0
0
0
0
0
0
0
1
0
0
0
0
1
0
0
0
0
0
1
0
1
0
0
0
0
0
0
0
1
0
1
0
0
0
0
0
0
0
0
0
0
0
0
0
0
1
0
0
0
0
0
0
0
0
0
0
0
0
0
0
0
0
0
0
0
0
0
0
0
0
0
0
0
1
0
0
0
0
0
1
0
0
1
0
1
0
0
0
0
0
0
0
0
0
0
0
0
0
0
0
0
0
0
0
0
0
0
0
0
1
0
1
0
0
0
0
0
0
0
0
0
0
0
0
0
0
0
0
0
0
0
0
0
0
0
0
0
0
0
0
0
1
0
0
0
0
0
0
0
0
0
0
0
0
0
0
0
0
0
0
0
0
0
0
0
0
0
0
0
0
0
1
0
0
0
0
0
0
0
0
0
1
0
0
0
0
0
0
0
0
0
0
0
0
0
0
0
0
0
0
0
0
0
0
0
0
0
0
0
0
0
0
0
0
0
0
0
0
0
0
0
0
0
0
0
0
0
0
0
0
0
0
0
0
0
0
0
0
0
0
0
0
1
0
0
0
0
0
0
0
0
0
0
0
0
0
0
0
0
0
0
0
0
0
0
0
0
0
0
0
0
0
0
0
0
0
0
0
0
0
0
0
0
0
0
0
0
0
0
0
0
0
1
0
0
0
0
0
0
0
0
0
0
0
0
0
0
0
0
0
0
1
0
0
0
0
0
0
0
0
1
0
0
0
0
0
1
0
1
0
0
0
0
0
0
0
0
0
0
0
0
0
0
0
0
0
0
0
0
0
0
0
0
0
0
0
0
0
0
0
0
0
0
1
0
1
0
0
0
0
1
0
0
0
0
0
0
0
0
0
0
0
0
0
0
0
0
0
0
0
0
0
0
0
0
0
0
0
0
0
0
0
0
0
0
0
0
0
0
0
0
0
0
0
0
1
0
0
0
0
0
0
0
0
0
0
0
0
0
0
1
0
0
0
0
0
0
0
0
0
0
0
0
0
0
0
0
0
0
0
0
0
0
0
0
0
1
0
0
0
0
0
0
0
0
0
0
0
0
0
0
1
0
0
0
0
0
0
0
0
0
0
1
0
0
0
0
0
0
0
0
0
0
0
0
0
0
0
0
0
0
0
0
0
1
1
0
0
0
0
0
0
0
0
0
0
0
0
0
0
0
0
0
0
0
0
0
0
0
0
0
0
0
0
0
0
0
0
0
1
0
0
0
0
0
0
0
0
0
0
0
0
0
0
0
0
0
0
0
0
0
0
0
0
0
0
0
0
0
0
0
0
0
0
0
0
0
0
0
0
0
0
0
0
0
0
0
0
0
0
0
0
0
0
0
0
0
0
0
0
0
0
0
0
0
0
0
0
0
0
0
0
0
0
0
0
0
0
0
0
0
0
0
0
0
0
0
0
0
0
0
0
0
0
1
0
0
0
0
0
0
0
0
0
0
0
1
0
0
0
0
0
0
0
0
0
0
0
0
0
0
0
0
0
0
0
0
0
0
0
0
1
0
0
0
0
0
0
0
0
0
0
0
0
0
0
0
0
0
0
0
1
0
0
0
0
0
0
0
0
0
0
0
0
0
0
0
0
1
0
0
0
0
0
0
0
0
0
1
0
0
0
1
0
0
0
0
0
0
0
0
0
0
0
0
1
0
0
0
0
0
0
0
0
1
1
0
0
0
1
0
0
0
0
0
0
0
0
0
0
0
0
0
0
0
0
0
0
0
0
0
0
0
0
0
0
0
0
0
0
0
0
0
0
0
0
0
0
1
0
0
0
0
0
0
1
0
0
0
1
0
0
0
0
0
0
0
0
0
0
0
0
0
0
0
0
0
0
0
0
0
0
0
0
0
0
0
0
0
0
0
1
0
0
0
1
1
0
0
0
0
1
0
0
0
1
0
0
0
1
0
0
0
0
0
0
0
0
0
0
0
0
0
0
0
0
0
0
0
1
0
0
0
0
0
0
0
0
0
0
0
0
0
0
0
0
1
0
0
0
0
0
0
0
0
0
0
0
0
0
0
0
0
0
0
0
0
0
0
0
0
1
0
0
0
0
0
0
0
0
0
0
0
0
0
0
0
0
0
0
0
0
0
0
0
0
0
0
0
0
0
0
0
0
0
0
0
0
0
0
0
0
0
0
0
0
0
0
0
0
0
0
0
0
0
0
0
0
0
0
0
0
0
0
0
0
0
0
0
0
0
0
0
0
0
0
0
0
1
0
0
0
0
0
0
0
0
0
0
0
0
0
0
0
0
0
0
0
0
0
0
0
0
0
0
0
0
0
0
0
0
0
0
0
0
0
0
0
0
0
0
0
1
0
0
0
0
0
0
0
0
0
0
0
0
0
0
0
0
0
0
0
0
0
0
0
0
0
0
0
1
0
0
0
0
0
0
0
0
0
0
0
0
0
0
0
0
0
0
0
0
0
0
0
0
0
0
0
0
0
0
0
0
0
0
0
0
1
0
0
0
0
0
0
0
0
0
0
0
1
0
0
0
0
0
0
0
0
0
0
1
0
0
0
0
0
0
0
0
0
0
0
0
0
0
0
0
0
0
0
0
0
0
0
0
0
0
0
0
0
0
0
0
0
0
0
0
0
1
0
0
0
1
0
0
0
0
0
0
0
0
0
0
0
0
0
0
0
1
0
0
0
0
0
0
1
0
0
0
0
0
0
0
0
0
0
0
0
0
0
0
0
0
0
0
0
0
0
0
0
0
0
0
0
0
0
0
0
0
0
0
0
0
0
0
0
0
0
0
0
0
0
0
0
0
0
0
0
0
0
0
0
0
0
0
0
0
0
0
0
0
0
0
0
0
1
1
0
0
0
0
0
0
0
0
0
0
0
0
0
1
0
0
0
0
0
0
0
0
0
0
0
1
0
0
0
0
0
0
0
0
0
0
0
0
0
0
1
0
0
0
0
0
0
0
0
0
0
0
0
0
0
0
0
0
0
0
0
0
0
0
0
0
0
0
0
0
0
0
0
0
0
0
0
0
0
0
0
0
0
0
0
0
0
0
0
0
0
0
0
0
0
0
1
0
0
0
0
0
0
0
0
0
0
0
0
0
0
0
0
0
0
1
0
0
0
0
0
0
0
0
0
0
0
0
0
0
0
0
0
0
1
0
1
0
0
0
0
0
0
0
0
0
0
0
0
0
0
0
0
0
0
0
0
0
0
0
0
1
0
0
0
0
0
0
0
0
0
0
0
0
0
0
0
0
0
0
0
0
0
0
0
0
0
0
0
0
0
0
0
0
0
0
0
0
0
0
0
0
0
0
0
0
0
0
0
1
0
0
0
0
0
0
0
0
0
0
0
0
0
0
0
0
0
0
0
0
0
0
0
0
0
0
0
0
0
0
0
0
0
0
0
0
0
0
0
0
0
0
0
0
0
0
0
0
0
0
0
0
0
0
0
0
0
0
0
0
0
0
0
0
0
0
0
0
0
0
0
0
0
0
0
0
0
0
0
0
0
0
0
0
0
0
0
0
0
0
0
0
0
1
0
0
0
0
0
0
0
0
1
0
0
0
0
0
0
0
0
0
0
0
0
0
0
0
0
0
0
0
0
0
0
0
0
0
0
1
0
0
0
0
0
0
0
1
1
0
0
0
0
0
0
0
1
0
0
0
0
0
0
0
0
0
0
0
0
0
0
0
0
0
0
0
0
0
0
0
0
0
0
0
0
0
0
0
0
0
0
0
0
0
0
0
0
0
0
0
0
0
0
0
0
0
0
0
0
0
0
0
0
0
2
0
0
0
0
0
0
0
0
0
0
0
0
0
0
1
0
0
0
0
0
0
0
0
0
0
0
0
0
0
0
0
0
0
0
0
0
0
1
0
0
0
0
0
0
0
0
0
0
0
0
0
0
0
0
0
0
1
0
0
0
0
0
0
0
0
0
0
0
0
0
0
2
0
0
0
0
0
0
0
0
0
0
0
0
0
0
0
0
0
0
0
0
0
0
0
0
0
0
0
0
0
0
0
0
0
0
0
0
0
0
0
0
0
0
0
0
0
0
0
0
0
0
0
0
0
0
0
0
0
0
0
0
0
0
0
0
0
0
0
0
0
0
0
0
0
0
0
0
0
0
0
0
0
0
0
0
0
0
0
0
0
0
0
0
0
0
0
0
0
0
0
0
0
0
0
0
0
0
0
0
0
0
0
0
0
0
0
0
0
0
0
0
0
0
0
0
0
0
0
0
0
0
0
0
0
0
0
0
0
0
0
0
0
0
0
0
0
0
0
0
0
0
0
0
0
0
0
0
0
0
0
0
0
0
0
0
0
0
0
0
0
0
0
0
0
0
0
0
0
0
0
0
0
0
0
0
0
0
0
0
0
0
1
0
0
0
0
0
0
0
0
0
0
0
0
0
0
0
0
0
0
0
0
0
0
0
0
0
0
0
0
0
0
0
0
0
0
0
0
1
0
0
0
0
0
0
0
0
0
0
0
0
1
0
0
0
0
0
0
0
1
0
0
0
0
0
0
0
0
0
0
0
0
0
0
0
0
0
0
0
0
0
0
0
0
0
0
0
0
0
0
0
0
0
0
0
0
0
0
0
0
0
0
1
0
0
0
0
0
0
0
0
0
0
0
0
0
0
0
0
0
0
0
0
0
1
0
0
0
0
0
0
0
0
0
0
0
0
0
0
0
0
0
0
0
0
0
0
0
0
0
0
0
0
0
0
0
0
0
0
0
0
0
0
0
0
0
0
0
0
0
0
1
0
0
0
0
0
0
1
0
0
0
0
0
0
0
0
0
0
0
0
0
0
0
0
0
0
0
1
0
0
0
0
0
0
0
0
0
0
0
0
0
0
0
0
0
0
0
0
0
0
0
0
0
0
0
0
0
0
0
1
0
0
0
0
0
0
0
0
0
0
0
0
0
0
0
0
0
0
0
0
0
0
0
0
0
0
0
1
0
0
0
0
0
0
1
0
0
0
0
0
0
0
0
0
0
0
0
0
0
0
0
0
0
0
0
0
0
0
0
0
0
0
0
0
0
0
0
0
0
0
0
0
0
0
0
0
0
0
0
0
0
0
0
0
1
0
0
0
0
0
0
0
0
0
0
0
0
0
0
0
0
0
0
0
0
1
0
0
0
0
0
0
0
0
0
0
0
0
0
0
0
0
0
0
0
0
0
0
0
0
0
0
0
0
0
0
1
0
0
0
0
0
0
0
0
0
0
0
0
0
0
0
0
0
0
0
0
0
0
0
0
0
0
0
0
0
0
0
0
0
0
0
0
0
0
0
0
0
0
0
0
0
0
0
0
0
0
0
0
0
0
0
0
0
0
0
0
0
0
0
1
0
0
0
0
0
0
0
0
0
0
0
0
0
0
0
0
0
0
0
0
0
0
0
0
0
0
0
1
0
0
0
0
0
1
0
0
0
0
0
0
0
0
0
0
0
0
0
0
0
0
0
0
0
0
0
0
0
0
0
0
0
0
0
0
0
0
0
0
0
0
0
0
0
0
0
1
0
1
2
3
1
2
1
0
0
0
0
2
0
1
4
0
0
1
1
2
2
1
0
0
0
1
1
0
1
0
0
0
1
0
1
0
0
1
2
1
0
0
0
1
1
1
1
1
0
3
2
0
1
2
3
1
1
0
0
1
1
1
1
2
0
1
2
2
0
0
1
2
2
2
0
0
0
3
1
1
0
1
1
2
0
1
1
0
2
2
0
0
2
1
1
0
1
0
0
1
2
1
1
2
0
0
1
0
2
3
1
1
2
0
1
0
1
0
2
0
0
1
1
2
2
1
0
