0
0
0
0
0
0
0
0
0
0
0
0
0
0
0
0
0
0
0
0
0
0
0
0
0
0
0
0
0
0
0
0
0
0
0
0
0
0
0
0
0
0
0
0
0
0
0
0
0
0
0
0
0
0
0
0
0
0
0
0
0
0
0
0
0
0
0
0
0
0
0
0
0
0
0
0
0
0
0
2
1
1
0
0
1
2
0
1
2
0
1
1
2
3
2
4
9
34
128
295
350
359
343
321
273
257
230
234
193
192
187
144
149
176
171
200
194
195
179
142
121
137
117
106
125
114
89
92
122
98
92
102
94
98
86
95
84
98
92
87
80
94
101
95
102
95
97
106
96
92
81
98
86
86
95
87
84
99
90
99
91
107
90
84
76
72
83
108
76
84
81
103
92
100
64
88
82
83
76
77
84
94
74
84
82
102
98
111
102
84
93
79
88
95
95
86
100
95
70
87
68
83
87
109
94
87
85
86
90
107
75
79
111
94
81
95
98
84
86
95
89
80
91
86
83
109
83
96
89
85
77
89
76
94
86
87
97
81
75
88
99
85
93
84
90
92
101
93
94
105
90
89
91
103
87
102
91
102
98
83
103
94
91
106
105
97
102
85
102
100
95
82
96
77
74
64
84
69
97
109
83
88
88
118
93
92
73
95
102
91
101
103
77
86
87
86
88
84
94
91
85
92
98
98
88
89
89
90
85
86
107
98
82
75
111
82
84
87
86
98
87
84
92
98
88
98
100
92
92
90
76
96
91
105
85
92
86
88
85
82
89
102
88
79
81
97
76
103
92
83
96
91
93
87
91
86
90
83
80
81
57
85
104
82
83
81
82
92
80
97
90
95
83
90
95
96
90
104
92
89
77
93
99
85
90
73
91
102
95
102
95
98
89
101
92
97
103
83
75
80
89
85
83
83
95
96
100
93
87
93
70
80
99
82
102
85
81
100
104
104
93
84
81
87
101
90
87
77
92
92
99
95
80
104
106
89
87
96
93
87
92
90
95
88
103
101
94
96
111
90
94
87
92
94
96
102
88
88
90
78
89
103
102
95
94
103
93
95
80
83
82
79
87
75
101
97
91
75
80
88
82
88
91
96
114
95
102
82
100
84
101
94
87
96
99
93
87
104
103
86
90
74
94
96
106
90
90
103
88
94
91
104
81
94
99
101
79
81
114
89
101
81
115
81
81
90
92
82
89
92
80
102
91
91
96
90
96
92
93
77
106
99
105
99
97
110
111
79
87
93
86
103
93
87
68
89
86
100
82
88
103
85
104
96
88
86
75
99
94
101
98
105
106
79
82
98
85
66
83
82
89
96
79
86
94
95
100
81
90
94
76
108
92
97
91
84
102
110
111
96
90
85
72
92
106
82
100
101
76
89
104
118
100
106
86
85
91
81
89
90
105
118
103
98
111
108
108
102
107
113
95
100
99
104
116
107
110
96
103
114
123
126
106
114
128
106
112
120
124
100
114
109
122
110
103
122
129
108
130
124
139
110
122
129
116
125
125
136
147
119
117
134
122
130
118
115
126
139
116
147
136
132
151
135
136
127
133
144
119
144
106
142
133
148
133
119
119
160
131
146
142
130
125
148
127
133
120
147
131
132
108
123
132
121
137
114
142
154
116
136
121
129
119
133
129
147
117
119
122
116
112
147
124
104
128
146
135
124
112
130
138
149
118
116
127
91
111
109
112
118
123
134
126
104
147
96
130
107
111
140
106
100
119
117
94
113
112
125
102
103
105
112
114
108
113
110
96
102
107
101
103
125
121
111
104
120
112
103
116
101
95
130
107
112
124
103
114
146
107
115
98
111
95
103
112
101
103
112
98
103
107
117
117
95
107
103
112
87
108
119
88
93
109
113
104
89
111
102
103
108
81
104
94
95
80
89
87
108
99
87
110
95
101
106
102
100
110
96
97
93
126
85
108
100
102
75
85
106
100
91
102
106
103
103
91
98
116
97
94
92
106
93
114
94
120
113
92
92
91
107
95
87
109
95
111
81
100
85
99
105
84
80
85
86
116
94
115
96
99
93
89
96
98
94
116
66
91
83
81
88
78
83
91
100
94
98
91
89
94
96
87
92
90
89
94
91
78
94
86
90
103
91
86
98
91
83
79
75
79
104
76
98
74
88
99
75
115
96
97
86
95
76
85
99
87
95
88
84
87
81
94
90
104
100
93
74
91
81
81
82
98
90
73
93
81
76
98
91
89
75
79
98
98
75
91
86
76
78
82
79
81
91
79
73
73
75
72
84
82
57
79
79
85
85
89
78
92
85
90
88
86
57
82
76
65
81
71
76
79
70
80
77
72
87
71
79
104
82
88
74
101
91
70
77
98
99
74
72
79
87
87
82
96
80
78
82
64
84
83
78
81
75
63
103
64
86
89
68
72
97
68
69
71
60
77
79
80
79
86
90
69
84
88
93
86
70
102
74
82
81
68
77
82
77
72
97
84
95
71
81
69
82
94
79
87
89
71
70
68
74
68
82
88
81
74
74
86
68
95
79
80
83
69
91
79
83
88
82
83
84
81
88
56
89
88
78
70
74
96
76
75
86
77
77
77
75
74
82
80
75
77
93
80
71
67
65
71
87
91
74
69
81
84
79
88
77
71
71
83
61
94
70
69
83
94
86
72
77
80
90
78
88
66
81
76
79
73
60
69
81
91
76
84
74
92
80
71
74
86
68
87
88
73
61
61
81
70
72
73
79
83
81
83
69
72
74
78
85
73
81
62
76
95
67
68
72
66
76
65
68
90
73
68
87
80
99
78
74
82
69
78
71
71
88
66
77
73
89
73
76
73
62
77
78
76
67
67
72
74
61
67
73
53
75
78
73
80
62
90
69
71
64
74
71
62
94
74
66
76
68
84
76
67
74
65
72
72
74
73
81
73
63
80
69
88
61
77
71
86
83
70
91
71
77
55
79
64
79
65
80
74
68
78
69
75
86
66
69
81
85
68
73
78
70
84
86
71
73
64
70
83
77
68
83
85
70
88
71
86
85
60
73
85
83
61
73
77
73
79
71
67
65
74
77
85
61
81
76
70
61
82
65
75
73
66
63
83
62
63
77
81
62
54
73
69
74
80
93
65
81
62
64
61
87
74
56
65
81
73
79
68
82
73
72
79
68
64
75
90
61
70
83
75
65
79
68
70
70
71
65
82
70
76
71
62
75
74
70
59
76
67
66
82
61
77
74
76
74
86
99
78
74
69
69
60
83
73
62
86
67
74
76
95
79
69
73
80
67
84
65
82
72
70
75
57
74
72
76
69
74
72
68
72
58
79
71
69
69
76
57
77
61
72
70
75
58
76
79
69
74
71
61
69
67
61
72
76
74
58
73
73
73
76
55
84
71
79
94
81
76
79
79
69
72
57
74
68
84
65
83
65
70
76
70
81
79
67
70
88
71
55
89
66
73
70
61
66
66
77
88
76
70
95
62
65
79
80
62
65
82
85
58
71
79
77
71
84
71
79
70
58
84
88
79
68
70
76
82
67
76
81
79
66
64
75
70
80
85
63
74
79
79
73
87
59
77
65
82
68
71
87
70
64
69
79
61
51
65
72
70
86
70
74
61
65
83
66
71
72
74
75
77
67
66
55
70
69
61
91
60
71
75
42
70
86
75
68
67
85
67
85
67
71
70
70
67
59
63
71
70
74
62
81
78
55
59
93
56
59
63
69
66
58
60
58
56
47
63
54
70
68
55
66
68
53
66
63
57
66
55
69
75
65
63
45
53
58
49
62
61
59
62
49
44
55
67
71
51
54
55
50
58
50
67
49
51
65
54
61
45
55
46
45
51
44
69
50
51
44
50
39
40
35
40
47
46
35
36
35
45
31
53
51
47
42
47
38
38
48
64
34
37
37
45
30
38
31
46
49
36
29
34
38
37
35
40
49
36
37
32
31
27
29
20
39
43
30
21
41
42
30
33
34
30
28
29
25
31
31
33
29
30
21
31
22
36
30
24
33
33
31
24
22
25
30
25
36
29
34
23
24
27
20
27
30
30
34
28
21
19
30
25
28
24
24
26
22
23
25
23
21
26
35
28
28
14
25
23
23
24
24
24
19
28
25
20
21
18
24
24
23
24
23
26
17
14
16
17
26
22
19
41
25
21
23
21
15
25
18
17
21
25
26
21
16
24
22
21
24
23
18
24
20
21
17
19
20
14
15
17
19
25
19
25
21
17
19
15
14
11
17
20
20
16
20
17
19
24
23
17
12
15
18
22
20
13
15
23
20
27
24
23
21
16
18
21
16
15
16
20
16
17
19
16
16
21
13
13
19
15
15
17
15
10
18
16
16
13
23
14
11
12
13
19
11
15
13
25
14
12
13
20
15
18
19
15
22
20
22
17
14
19
16
22
20
12
22
16
19
10
18
13
16
10
22
14
15
16
18
17
21
19
17
22
18
15
17
13
18
14
17
20
19
18
15
16
24
11
13
20
11
18
12
13
11
17
17
16
13
17
14
17
19
12
19
20
21
18
17
17
11
18
16
10
22
14
14
19
20
15
21
15
21
17
21
13
18
12
12
23
20
22
22
15
11
25
20
21
18
22
15
13
18
14
23
25
23
14
18
17
24
13
19
17
19
19
21
10
15
15
16
22
22
19
23
19
15
15
18
18
22
17
14
19
18
16
20
22
23
14
15
20
14
21
31
17
22
12
13
25
26
24
22
19
22
22
24
28
16
18
38
28
24
23
14
16
23
27
25
32
26
33
18
24
24
26
24
30
28
31
22
19
23
25
21
13
24
28
31
35
25
24
28
28
21
32
24
29
27
30
26
40
26
33
26
36
35
39
31
27
26
40
38
36
25
38
36
35
31
28
41
34
41
26
27
44
38
34
42
34
38
38
49
40
37
39
40
37
43
37
35
44
58
42
59
34
45
50
33
59
53
39
51
47
41
56
51
54
45
53
63
67
54
46
62
54
51
58
57
56
56
64
66
66
72
67
72
64
65
68
70
77
74
72
102
99
86
78
79
78
72
103
88
91
104
104
99
103
113
106
118
106
110
117
107
105
101
119
107
123
142
106
104
132
122
145
118
137
144
125
152
138
115
159
149
140
149
161
165
173
163
145
162
176
192
189
183
198
175
183
193
185
190
205
192
206
224
195
227
231
202
202
232
206
241
251
287
255
226
249
256
270
237
266
268
273
286
297
277
299
292
298
273
287
304
291
282
284
334
302
314
343
310
332
306
336
314
336
323
364
336
349
369
326
348
322
353
357
408
363
359
392
375
398
388
385
403
408
406
396
403
381
390
376
439
390
372
380
410
423
401
400
424
418
476
458
434
385
454
446
409
403
452
402
458
435
459
413
447
427
415
427
445
406
407
431
441
431
424
397
435
422
446
395
461
388
422
442
420
436
428
392
420
397
451
419
412
412
388
420
412
438
391
445
407
388
399
388
364
344
395
380
366
371
386
364
390
377
334
359
396
363
350
348
342
331
333
334
342
343
328
286
328
287
315
315
300
310
284
276
275
300
271
282
283
252
279
283
256
258
268
220
277
267
232
202
250
227
207
243
195
207
207
208
184
196
185
196
191
180
192
153
170
194
163
188
168
138
149
167
141
137
161
133
131
129
125
113
150
128
110
113
113
109
105
112
97
96
112
96
88
94
84
87
93
84
76
63
77
83
74
78
83
61
61
65
61
57
54
65
56
48
55
46
53
48
38
50
44
47
46
32
37
38
38
40
41
32
41
37
26
31
44
26
24
24
27
27
28
21
17
17
25
20
18
14
19
14
16
19
17
9
16
18
21
7
7
11
18
11
19
13
8
10
9
7
11
7
14
16
7
4
13
11
10
9
8
12
1
7
6
9
7
2
7
3
7
4
6
5
6
4
8
5
8
5
5
3
9
7
6
3
4
6
4
3
4
6
0
3
4
6
6
4
3
3
5
4
3
3
2
4
4
1
1
3
3
2
1
1
0
1
2
1
3
4
2
0
3
5
0
2
3
3
1
1
1
2
1
2
0
2
2
1
2
3
1
1
1
0
1
2
2
0
2
1
0
2
1
2
5
2
1
2
3
3
3
4
1
0
1
2
3
3
1
2
1
3
0
2
0
0
2
0
3
0
1
1
0
3
4
0
1
4
1
0
1
0
1
1
4
0
0
0
1
1
0
3
1
1
1
0
1
1
2
0
0
1
3
2
1
0
1
0
2
2
0
1
0
4
0
1
2
2
2
4
2
1
0
0
2
0
2
5
3
1
0
2
1
1
0
1
0
2
0
2
1
0
2
2
1
1
1
0
1
1
2
2
0
1
1
0
1
0
2
0
0
3
3
0
0
0
1
0
0
0
0
1
0
0
3
0
1
0
1
0
1
0
1
3
2
1
0
1
0
3
4
0
1
1
0
2
0
1
2
1
1
0
0
0
0
0
1
0
0
1
2
3
1
3
2
0
2
0
4
1
1
1
0
3
2
1
2
0
1
0
0
2
0
3
1
0
0
2
1
0
0
0
2
3
3
2
0
1
0
0
2
0
1
0
3
0
1
1
1
1
0
1
1
1
1
1
0
2
1
0
2
0
1
0
2
1
1
0
2
1
1
0
0
1
2
0
1
0
0
3
0
0
0
0
2
0
1
0
1
1
0
0
1
1
3
0
1
2
0
0
0
1
0
1
1
0
3
1
0
1
0
2
1
0
0
1
1
1
0
0
1
2
0
1
0
0
0
1
0
1
1
1
5
2
0
0
2
0
1
2
0
0
2
1
0
2
0
1
1
1
0
0
0
0
1
0
0
0
0
1
2
0
1
2
3
2
1
1
1
0
3
6
1
2
0
1
0
0
2
0
1
1
0
0
0
3
0
0
0
1
3
0
0
3
1
1
1
0
1
0
2
0
1
0
0
0
2
0
0
0
1
1
0
0
1
1
2
4
2
1
0
0
1
2
4
1
1
0
0
1
1
1
0
1
3
1
0
1
0
1
0
2
0
0
1
1
1
0
3
1
0
1
1
1
3
0
3
0
0
1
2
0
2
2
0
1
0
0
0
0
2
0
1
0
0
0
1
0
1
0
1
3
1
2
1
0
2
1
2
2
2
2
1
2
2
0
1
1
1
0
1
1
0
1
1
1
0
1
1
0
0
0
1
0
0
0
0
0
4
0
0
0
0
0
1
2
1
1
1
1
1
1
0
1
1
0
2
0
0
1
0
3
0
0
0
1
0
1
2
0
0
0
0
2
1
1
0
1
1
1
0
2
2
1
0
0
1
1
0
1
0
0
1
2
0
1
2
0
1
0
0
1
0
2
1
1
0
0
1
1
0
1
1
0
3
1
3
1
0
1
2
1
0
0
2
0
0
0
0
2
3
2
2
0
0
0
1
1
1
1
0
0
2
0
3
1
0
2
0
0
0
2
0
0
2
0
0
2
2
0
1
1
1
0
0
0
0
1
1
1
2
1
0
2
0
1
0
2
0
0
1
0
1
1
1
1
0
1
1
1
0
1
2
0
4
3
0
0
0
1
0
0
0
0
0
1
0
0
1
0
3
0
1
0
0
0
0
0
1
1
0
0
1
1
0
0
0
1
2
0
0
0
0
1
1
0
1
0
0
0
1
1
0
0
0
1
0
0
0
1
2
1
1
1
0
3
2
1
1
0
0
1
0
1
0
0
1
1
0
0
0
2
2
1
0
0
0
0
2
0
0
2
0
1
0
2
1
0
1
0
1
1
0
0
2
1
0
1
3
0
1
1
0
2
2
0
0
0
1
0
0
2
0
1
0
0
1
0
2
0
0
0
0
1
0
1
1
0
0
0
1
0
0
0
1
1
1
0
0
2
0
1
0
0
0
0
0
0
1
1
0
2
0
0
2
0
1
0
0
1
0
0
0
1
0
1
0
1
0
0
0
0
0
1
0
0
0
0
0
1
0
0
1
1
1
0
1
0
2
1
0
0
0
0
1
0
1
0
0
0
1
0
1
0
1
1
1
0
0
0
0
1
0
0
0
2
1
0
0
0
1
0
0
0
1
0
1
1
1
1
0
1
0
1
1
0
0
0
1
1
0
1
0
0
1
0
0
0
1
0
0
0
1
1
1
1
0
0
0
0
0
1
0
0
0
0
0
0
0
0
1
0
1
2
1
1
1
0
1
0
0
0
1
2
2
0
0
1
0
0
1
0
0
1
1
0
1
1
1
0
1
0
0
0
0
2
1
1
0
1
0
0
0
2
0
0
0
1
0
0
0
1
1
0
0
1
0
0
0
1
1
0
0
2
1
0
0
1
0
0
0
0
0
0
2
0
0
0
1
1
0
0
0
0
0
0
0
2
0
0
1
1
0
0
0
0
0
0
0
0
0
1
0
1
0
1
1
0
0
1
0
0
1
2
3
0
0
2
0
1
0
1
0
1
1
1
1
0
1
0
2
0
0
2
1
1
0
0
0
0
0
0
1
1
1
0
0
0
0
0
0
0
0
0
1
0
0
0
0
2
0
0
0
0
0
1
0
0
0
0
0
0
0
0
0
0
0
1
0
1
0
1
0
0
1
0
1
1
2
0
0
0
1
0
0
0
1
1
0
0
1
0
0
0
0
0
0
0
0
2
0
0
0
0
1
1
0
0
2
1
0
0
0
0
0
0
1
0
3
0
0
0
0
0
1
0
0
0
2
0
0
0
0
0
0
0
0
0
0
1
0
0
0
1
0
1
1
1
0
1
0
0
0
0
0
2
1
0
1
0
0
1
0
1
0
0
1
1
0
0
1
0
0
0
0
1
1
1
0
0
0
1
1
2
0
0
0
0
0
0
0
0
2
0
2
0
1
0
0
1
1
1
0
0
0
0
1
0
0
1
0
1
0
0
0
0
1
0
0
0
0
0
0
0
0
0
0
2
0
0
0
0
0
0
0
0
0
0
0
0
0
1
1
0
0
0
1
0
1
0
0
0
0
0
0
0
0
2
0
1
0
1
0
0
0
0
0
2
1
0
0
1
0
0
0
0
0
1
0
0
0
0
1
0
0
0
1
0
0
1
0
0
0
1
0
0
0
1
0
0
0
0
0
3
0
0
0
1
0
0
0
0
0
0
0
0
0
0
0
1
0
0
1
0
2
1
0
0
0
0
0
0
0
0
0
0
0
1
0
0
2
0
0
0
1
1
1
0
2
0
1
0
0
0
0
0
1
1
0
2
0
0
0
0
0
0
0
2
1
1
0
0
0
1
0
0
1
0
0
0
0
1
0
0
0
1
0
0
1
0
3
1
0
1
0
0
1
1
0
1
0
0
1
0
0
0
0
0
1
0
0
0
1
0
0
2
0
0
0
0
0
1
1
0
1
0
0
1
0
1
0
0
0
1
1
1
0
0
1
0
1
0
0
1
0
0
0
0
1
1
1
0
0
0
0
0
0
0
0
1
1
0
0
0
0
0
0
0
0
0
0
1
0
0
2
0
1
0
0
0
0
0
0
0
1
0
0
0
0
0
0
0
1
1
0
0
0
0
0
0
1
1
1
0
1
0
0
0
0
1
0
0
0
1
0
0
0
0
0
0
0
1
0
0
1
0
0
0
0
0
0
0
0
1
0
0
0
0
2
0
0
1
0
0
0
0
0
0
0
1
0
0
0
0
1
0
0
0
0
0
1
0
0
0
2
1
0
0
0
1
0
0
1
0
0
1
0
0
1
2
1
0
2
0
1
0
0
1
0
0
1
0
0
0
0
0
0
0
0
0
0
0
0
0
0
2
0
0
0
0
0
0
0
0
0
1
0
0
0
0
1
0
1
0
0
0
0
0
0
0
0
0
0
0
0
0
0
0
0
0
1
0
0
1
0
1
0
0
0
0
0
0
0
0
0
1
0
0
1
0
0
0
0
0
0
0
0
0
3
0
0
0
0
0
0
0
0
0
0
1
0
0
0
0
1
0
0
1
0
0
0
0
0
0
0
1
0
0
1
0
1
0
0
0
1
0
0
0
0
0
0
0
1
0
0
2
1
0
1
1
0
0
1
0
0
1
0
1
0
1
0
0
0
0
0
0
0
0
1
1
0
0
0
0
0
0
0
1
0
1
0
1
2
1
0
0
0
0
0
0
0
0
0
0
0
0
1
0
0
0
0
1
0
1
0
0
0
0
0
1
1
0
0
2
0
0
0
0
0
1
0
0
0
0
0
0
1
0
0
0
1
0
0
0
0
0
1
0
0
1
0
1
0
0
1
0
0
0
0
0
0
0
1
0
0
0
2
0
1
1
2
0
0
0
0
0
0
1
0
0
0
0
0
0
0
1
1
0
0
0
0
0
0
0
0
1
0
0
0
0
1
1
0
2
0
0
0
0
0
0
0
0
0
0
0
0
2
1
0
0
1
0
0
0
2
0
0
1
0
0
0
0
0
0
0
0
0
0
0
0
0
0
0
0
1
1
0
0
0
0
1
0
0
1
0
0
0
0
0
0
0
0
0
1
0
1
0
0
0
1
0
0
0
2
0
0
0
0
0
1
0
0
1
0
1
1
0
0
0
0
0
0
0
0
1
0
1
1
0
0
0
1
0
0
0
0
0
0
1
0
0
1
0
0
0
0
1
0
0
2
2
0
1
0
0
0
1
0
1
0
1
0
0
0
0
0
1
0
1
0
1
1
0
0
0
1
0
0
0
1
0
0
2
0
1
0
0
0
0
0
0
0
0
0
0
0
0
0
0
0
0
0
0
0
0
0
1
2
0
0
1
0
0
0
0
0
0
1
0
0
0
0
0
0
0
0
0
0
1
0
0
0
0
0
0
0
0
0
0
0
0
0
0
0
0
0
0
0
0
0
0
0
0
0
1
0
0
0
1
0
0
0
0
0
0
0
0
0
0
0
0
1
1
0
0
1
0
0
0
0
0
1
1
0
0
0
0
0
0
0
1
0
0
0
0
0
0
2
0
0
0
0
0
0
1
0
0
1
0
0
0
0
0
0
0
0
0
0
0
0
0
0
0
0
1
0
0
0
0
1
0
0
0
1
0
0
1
0
0
0
0
1
0
0
0
0
0
0
0
0
0
1
0
1
0
0
0
0
0
0
0
1
0
0
0
0
0
0
1
1
0
0
0
0
0
0
0
0
1
0
0
0
0
0
0
1
0
2
1
0
0
0
0
0
0
0
1
0
0
0
0
0
0
0
0
0
0
0
0
1
0
0
0
0
0
0
0
0
0
1
1
0
0
0
0
0
1
0
0
1
0
0
0
0
0
0
0
0
0
0
1
0
0
1
0
0
1
0
0
0
1
1
0
0
0
0
1
0
0
0
2
0
0
1
1
0
0
0
1
0
0
0
0
0
0
0
0
0
0
0
0
0
0
0
0
0
0
1
1
0
0
0
0
0
0
0
0
0
0
0
0
1
0
0
0
1
0
0
0
1
0
0
1
0
0
0
0
0
0
0
1
0
0
0
1
0
0
0
0
0
0
0
0
0
0
0
0
0
0
0
1
1
1
0
0
0
0
0
0
0
1
2
0
0
0
0
0
0
0
0
0
0
0
0
1
1
0
0
0
0
0
0
0
0
0
1
0
1
2
0
0
0
0
0
0
0
1
0
0
0
0
0
0
1
0
0
0
0
0
0
0
1
0
1
1
2
0
0
0
0
0
0
0
0
0
0
0
0
0
0
1
0
0
0
0
0
0
1
0
0
1
0
0
0
0
0
0
1
1
0
0
1
0
1
0
0
0
0
0
0
0
0
0
0
0
0
0
0
0
0
0
0
0
0
0
1
0
0
0
2
0
0
0
0
1
0
0
0
0
0
0
0
0
0
1
1
0
0
0
0
0
1
1
0
0
0
0
0
1
0
0
0
0
0
1
0
0
0
0
0
1
0
0
0
0
0
0
0
0
0
1
1
1
0
0
0
0
0
0
0
0
0
0
0
0
0
0
0
0
0
0
0
0
0
0
0
0
0
1
0
0
0
1
0
0
0
0
0
0
0
0
0
0
0
0
0
0
0
0
0
0
0
0
0
0
1
0
0
0
0
0
0
0
0
0
0
0
0
0
0
0
0
0
0
0
0
0
0
0
0
0
0
0
0
0
0
0
0
0
0
0
0
0
0
0
0
0
0
0
0
0
0
0
0
0
0
0
0
0
0
0
0
0
0
0
0
0
0
0
0
0
0
0
0
0
0
0
0
0
2
0
0
0
0
0
0
0
0
0
0
0
0
0
0
0
0
0
0
0
0
0
0
0
0
0
0
0
0
0
0
0
0
0
0
0
0
0
0
0
0
0
0
0
0
0
0
0
0
0
0
0
0
0
0
0
0
0
0
0
0
0
0
0
0
0
0
0
0
0
0
0
0
0
0
1
0
0
0
0
0
0
0
0
0
0
0
0
0
0
0
1
0
0
0
0
0
0
0
0
0
0
0
2
0
0
0
0
0
0
0
0
0
0
0
0
0
0
0
0
0
0
0
0
0
0
0
0
0
0
0
0
0
0
0
0
0
0
0
0
0
0
0
0
0
0
0
0
0
0
0
0
0
0
0
0
0
0
0
0
0
0
0
0
0
0
0
0
0
0
0
0
0
0
0
0
1
0
0
0
1
0
0
0
0
0
0
0
0
0
0
0
0
0
0
0
0
0
0
0
0
0
0
0
0
0
0
0
0
0
1
0
0
0
0
1
0
0
0
0
0
0
0
0
0
0
0
0
0
0
0
0
0
0
0
0
0
0
0
0
0
0
0
0
0
0
0
0
0
0
0
0
0
0
0
0
0
0
0
0
0
0
0
0
0
0
0
1
0
0
0
0
0
0
0
0
0
0
0
0
0
0
0
0
0
0
0
0
0
0
0
1
0
0
0
0
0
0
0
0
0
0
0
1
0
0
0
0
0
0
0
1
0
0
0
0
0
0
0
0
0
0
0
0
0
0
0
0
0
0
0
0
0
0
0
0
0
0
0
0
0
0
0
0
0
0
0
0
0
0
0
0
0
0
0
0
0
0
0
0
0
0
0
0
0
0
0
0
0
0
0
0
0
0
0
0
0
0
0
0
0
0
0
0
0
0
0
0
0
0
0
0
0
0
0
0
0
0
0
0
0
1
0
0
0
0
0
0
0
0
0
0
0
0
0
0
0
1
0
0
0
0
0
0
0
0
0
0
0
0
0
0
0
0
0
0
0
0
0
0
0
0
0
0
0
0
0
0
0
0
0
0
0
0
0
0
0
1
0
0
0
0
0
0
0
0
0
1
0
0
0
0
0
0
0
0
0
0
0
0
0
0
0
0
0
0
0
0
0
0
0
0
0
0
0
0
0
0
0
0
0
0
0
0
0
0
0
1
0
0
0
0
0
0
0
0
0
0
0
0
0
0
0
0
0
0
0
0
0
0
0
0
0
1
0
0
0
0
0
0
0
0
0
0
0
0
0
0
0
0
0
0
1
0
0
0
0
0
0
0
0
0
0
1
0
0
0
0
0
0
0
0
0
0
0
0
0
0
0
0
0
0
0
0
0
0
0
0
0
0
0
0
0
0
0
0
0
0
0
0
0
0
0
0
0
0
0
0
0
0
0
0
0
0
0
0
0
0
0
0
0
0
0
0
0
0
0
1
0
0
0
0
0
0
0
0
0
0
0
0
0
0
0
0
0
0
0
0
0
0
0
0
0
0
0
0
0
0
0
1
0
0
0
0
0
0
0
0
0
0
0
0
0
0
1
0
0
0
0
1
0
0
0
0
0
0
0
0
0
0
0
0
0
0
0
0
0
0
0
0
0
0
0
0
0
0
0
0
0
0
0
0
1
0
0
0
0
0
0
0
0
0
0
0
0
0
0
0
0
0
0
0
0
0
0
0
0
0
0
0
0
0
0
0
0
0
0
0
0
0
0
0
0
0
0
0
0
0
0
0
0
0
1
0
0
0
0
0
0
0
0
0
0
0
0
0
0
0
0
0
0
0
0
0
0
0
0
0
0
0
0
0
0
0
0
0
0
0
0
0
0
0
0
0
0
0
0
0
0
0
1
0
0
0
0
0
0
0
0
0
0
0
0
0
0
0
0
0
0
0
0
0
0
0
0
0
0
0
0
0
0
0
0
0
0
0
0
0
0
0
0
0
0
0
0
0
0
0
0
0
0
0
0
0
0
0
0
0
0
0
0
0
1
0
0
0
0
0
0
0
0
0
0
0
0
0
0
0
0
0
0
0
0
0
0
0
0
0
0
0
0
0
0
0
0
0
0
0
0
0
0
0
0
0
0
0
0
0
0
0
0
0
0
0
1
0
0
0
0
0
0
0
0
0
0
0
0
1
0
0
0
0
0
0
0
0
0
0
0
1
0
0
0
0
0
0
0
0
0
0
0
0
0
0
0
0
0
0
0
0
0
0
0
0
0
0
0
0
1
0
0
0
0
0
0
0
0
0
0
0
0
0
0
0
0
0
0
0
0
0
0
0
0
0
0
0
0
0
0
0
0
0
0
0
0
0
0
0
0
0
0
0
0
0
0
0
0
0
0
0
0
0
0
0
0
0
0
0
0
0
0
0
0
0
0
0
0
0
0
0
0
0
0
0
0
0
0
1
0
0
0
0
0
0
0
0
0
0
0
0
0
0
0
0
0
0
0
0
0
0
0
0
0
0
0
0
0
0
0
0
0
0
0
0
0
0
0
0
0
0
0
0
0
0
0
0
0
0
1
0
0
0
0
0
0
0
0
0
0
0
0
0
0
0
0
0
0
0
0
0
0
0
0
0
0
0
0
0
0
0
0
0
0
0
0
0
0
0
0
0
0
0
0
0
0
0
0
0
0
0
0
0
0
0
0
0
0
0
0
0
0
0
0
0
0
0
0
0
0
0
1
0
0
1
0
0
0
0
0
0
1
0
0
0
0
0
0
0
0
0
0
0
0
0
0
0
0
0
0
0
0
0
0
0
0
0
0
0
0
0
0
0
0
0
0
0
0
0
0
0
0
0
0
0
0
0
0
0
0
0
0
0
0
0
0
0
0
0
0
0
0
0
0
0
0
0
0
0
0
0
0
0
0
0
0
0
0
0
0
0
0
0
0
0
0
0
0
0
0
0
0
0
0
0
0
0
0
0
0
0
0
0
0
0
0
1
0
0
0
0
0
0
0
0
0
0
0
0
0
0
0
0
0
0
0
0
0
0
0
0
0
0
0
0
0
0
0
0
0
0
0
0
0
0
0
0
0
0
1
0
0
0
0
0
0
0
1
0
0
0
0
0
0
0
0
0
0
0
0
0
0
0
0
0
0
0
0
0
0
0
0
0
0
0
0
0
0
0
0
0
0
0
0
0
0
0
0
0
0
0
0
0
0
0
0
0
0
0
0
0
0
0
0
0
0
0
0
0
0
0
0
0
0
0
0
0
0
0
0
0
0
0
0
0
0
0
0
0
0
0
0
0
0
0
0
0
1
0
0
0
0
0
0
0
0
0
0
0
0
0
0
0
0
0
0
0
0
0
0
0
0
0
0
0
0
0
0
0
0
0
0
0
0
0
0
0
0
0
0
0
0
0
0
0
0
0
0
0
0
0
0
0
0
0
0
0
0
0
0
0
0
0
0
0
0
0
0
0
0
0
0
0
0
0
0
0
0
0
0
0
0
0
0
0
0
0
0
0
0
0
0
0
0
0
0
0
0
0
0
0
0
0
0
0
0
0
0
0
0
0
0
0
0
0
0
0
0
0
0
0
0
0
0
0
0
1
0
0
0
0
0
0
0
0
0
0
0
0
0
0
0
0
0
0
0
0
0
0
0
0
0
0
0
0
0
0
0
0
0
0
0
0
0
0
0
0
0
0
0
0
0
0
0
0
0
0
0
0
0
0
0
0
0
0
0
0
0
0
0
0
0
0
0
0
0
0
0
0
0
0
0
0
0
0
0
0
0
0
0
0
0
0
0
0
0
0
0
0
0
0
1
0
0
0
0
1
0
0
0
0
0
0
0
1
0
0
0
0
0
0
0
0
0
0
0
0
0
0
0
0
0
0
0
0
0
0
0
0
0
0
0
0
0
0
0
0
1
0
0
0
0
0
0
0
0
0
0
0
0
0
0
0
0
0
0
0
0
0
0
0
0
1
0
0
0
0
0
0
0
0
0
0
1
0
0
0
0
0
0
0
1
0
0
0
0
0
0
0
0
0
0
0
0
0
0
0
0
0
0
1
1
0
0
0
0
0
0
0
0
0
0
0
0
0
0
0
0
0
0
0
0
0
0
0
0
0
0
0
0
0
0
0
0
1
0
0
0
0
0
0
0
0
0
0
0
0
0
0
0
0
0
0
0
0
0
0
1
0
0
0
0
1
0
0
0
0
0
0
0
0
0
0
0
0
0
0
0
0
0
0
0
0
0
0
0
0
0
0
0
0
0
0
0
0
0
0
0
0
0
0
0
0
0
0
0
0
0
0
0
0
0
0
0
0
0
0
0
0
0
0
0
0
0
0
0
0
0
0
0
0
0
0
0
0
0
0
0
0
0
0
0
0
0
0
0
0
0
0
0
0
0
0
0
0
0
0
0
0
0
0
0
0
0
0
0
0
0
0
0
0
0
0
1
0
0
0
0
0
0
0
0
0
0
0
0
0
0
0
0
0
0
0
0
0
0
0
0
0
0
0
0
0
0
0
0
0
0
0
0
0
0
0
0
0
0
0
0
0
0
0
0
0
0
0
0
0
0
0
0
0
0
0
0
0
0
0
0
0
0
0
0
0
0
0
0
0
0
0
0
0
0
0
0
0
0
0
0
0
0
0
0
0
0
0
0
0
0
0
0
0
0
0
0
0
0
0
0
0
0
0
0
0
0
0
0
0
0
0
0
0
0
0
0
0
0
0
0
0
0
0
0
0
0
0
0
0
0
0
0
0
0
0
0
0
0
0
0
0
0
0
0
0
0
0
0
0
0
0
0
0
0
0
0
0
0
0
0
0
0
0
0
0
0
0
0
0
0
0
0
0
0
0
0
0
0
0
0
0
0
0
0
0
0
0
0
0
0
0
0
0
0
0
0
0
0
0
0
0
0
0
0
0
0
0
0
0
0
0
0
0
0
0
0
0
0
0
0
1
0
0
0
0
0
0
0
0
0
0
0
0
0
0
0
0
0
0
0
0
0
0
0
0
0
0
0
0
0
0
0
0
0
0
0
0
0
0
0
0
0
0
0
0
0
0
0
0
0
0
0
0
0
0
0
0
0
0
0
0
0
0
0
0
0
0
0
0
1
0
0
0
0
0
0
0
0
0
0
0
0
0
0
0
0
0
0
0
0
0
0
0
0
0
0
0
0
0
0
0
0
0
0
0
0
1
0
0
0
0
0
0
0
0
0
0
0
0
0
0
0
0
0
0
0
0
0
0
0
0
0
0
0
0
0
0
0
0
0
0
0
0
0
0
0
0
0
0
0
0
0
0
0
0
0
0
0
1
0
0
0
0
0
0
0
0
0
0
0
0
0
0
0
0
0
0
0
0
0
0
0
0
0
0
0
0
0
0
0
0
0
0
0
0
0
0
0
0
0
0
0
0
0
0
0
0
0
0
0
0
0
0
0
0
0
0
0
0
0
0
0
0
0
1
0
0
0
0
0
0
0
0
0
0
0
0
0
0
0
0
0
0
0
0
0
0
0
0
0
0
0
0
0
0
0
0
0
1
0
0
0
0
0
0
0
0
0
0
0
0
0
0
0
0
0
0
0
0
0
0
0
0
0
0
0
0
0
0
0
0
0
0
0
0
0
0
0
0
0
0
0
1
0
0
0
0
0
0
0
0
0
0
0
0
0
0
0
0
0
0
0
0
0
0
0
0
0
0
0
0
0
0
0
0
0
0
0
0
0
0
0
0
0
0
0
0
0
0
0
0
0
0
0
0
0
0
0
0
0
0
0
0
0
0
0
0
0
0
0
0
0
0
0
0
0
0
0
0
0
0
0
0
0
0
0
0
0
0
0
0
0
0
0
0
0
0
0
1
0
0
0
0
0
0
0
0
0
0
0
0
0
0
0
0
0
0
0
0
0
0
0
0
0
0
0
0
0
0
0
0
1
0
0
0
0
0
1
0
0
0
0
0
0
0
0
0
0
0
0
0
0
0
0
0
0
0
0
0
0
0
0
0
0
0
0
0
0
0
0
0
0
0
0
0
0
0
0
0
0
0
0
0
0
0
0
0
0
0
0
0
0
0
0
0
0
0
0
0
0
0
0
0
0
0
0
0
0
0
0
0
0
0
0
0
0
0
0
0
0
0
0
1
2
0
1
0
1
0
0
0
0
0
0
1
2
0
0
1
0
0
0
0
0
1
0
1
0
0
0
1
0
1
0
0
1
0
2
1
1
0
0
0
0
0
0
0
0
1
0
0
0
0
2
0
0
0
0
0
0
0
0
3
0
1
0
0
1
0
1
0
0
0
1
0
0
0
0
0
0
0
0
0
1
0
0
1
2
0
0
0
0
0
1
0
0
1
2
2
1
0
0
0
0
0
0
0
0
0
0
0
1
0
0
0
0
1
2
0
1
0
2
1
0
1
0
1
0
0
1
