0
0
0
0
0
0
0
0
0
0
0
0
0
0
0
0
0
0
0
0
0
0
0
0
0
0
0
0
0
0
0
0
0
0
0
0
0
0
0
0
0
0
0
0
0
0
0
0
0
0
0
0
0
0
1
0
0
0
0
0
0
0
0
0
0
0
0
0
0
0
0
0
0
0
0
0
0
0
0
0
0
0
0
0
0
0
0
0
0
0
0
0
0
0
3
0
0
6
4
5
20
17
40
177
351
572
566
500
474
440
376
338
296
248
235
188
168
157
131
105
96
95
89
78
83
60
55
56
51
45
49
52
44
63
52
58
67
43
73
67
72
80
84
69
110
81
94
103
103
99
120
132
145
127
150
158
163
189
195
230
214
252
235
247
259
304
292
310
341
325
346
388
386
414
416
435
524
546
518
606
589
636
700
776
778
805
954
981
1055
1162
1262
1395
1609
1592
1850
1960
2123
2302
2516
2674
2885
3046
3305
3500
3862
3970
4274
4461
4739
4692
5001
5225
5541
5562
5802
5894
5998
6085
6224
6141
6165
6149
6101
6011
5958
5700
5510
5394
5155
5015
4708
4623
4299
4110
3815
3588
3265
2984
2840
2576
2314
2102
2018
1722
1560
1345
1255
1090
976
845
746
677
592
515
441
376
338
272
232
201
185
156
154
109
111
94
77
83
59
87
63
65
69
62
54
67
60
52
41
37
51
50
59
48
57
34
51
54
45
41
50
46
35
50
47
56
42
40
39
27
41
34
42
25
37
43
33
41
35
41
30
30
36
37
33
31
29
29
23
42
30
34
29
30
26
35
17
28
25
38
28
22
24
24
27
22
27
20
27
30
23
27
22
13
26
22
31
26
29
28
17
31
23
24
21
20
20
22
9
24
21
24
16
18
24
16
25
19
16
26
23
15
25
25
32
26
23
28
20
15
24
19
23
24
27
18
25
21
18
29
24
22
20
20
21
30
21
24
19
23
22
19
20
13
28
27
23
19
24
12
16
17
24
22
18
23
24
15
17
15
22
14
15
17
15
17
19
15
19
25
18
20
22
20
18
16
17
19
21
20
23
20
33
21
25
19
15
14
25
15
22
20
13
23
17
23
20
18
9
25
23
21
15
21
19
20
26
20
19
20
17
19
21
17
14
12
13
14
12
22
18
15
20
14
17
15
12
24
17
12
11
12
16
10
11
12
11
13
13
10
10
16
13
15
10
10
10
12
6
7
5
10
9
7
8
11
3
7
7
7
11
9
3
6
9
12
8
6
7
6
8
6
7
8
3
12
11
4
9
6
12
3
5
4
7
8
7
8
8
7
12
9
7
7
6
8
5
10
10
11
9
7
9
6
6
2
8
6
2
8
4
6
5
5
10
8
4
4
5
8
11
7
8
9
5
5
4
6
5
6
11
5
7
4
4
6
6
4
6
7
6
6
10
8
6
3
3
4
3
5
6
7
7
11
5
7
5
6
8
5
3
8
8
12
8
5
6
3
5
15
10
6
5
7
4
6
8
3
10
6
6
7
5
5
10
9
4
6
6
9
6
5
6
12
10
4
4
5
6
8
3
7
3
5
1
5
8
8
7
11
4
4
3
2
5
2
5
3
6
6
5
2
7
11
1
8
3
4
5
3
5
2
6
10
4
5
4
7
4
6
3
3
2
3
9
2
2
1
5
9
0
7
8
5
7
2
5
3
5
6
2
4
1
7
4
7
9
7
7
7
7
2
3
6
4
4
5
3
9
2
5
3
5
8
3
4
8
3
5
2
6
4
7
7
10
6
4
4
6
4
3
6
3
4
1
5
4
4
5
3
4
6
6
3
4
5
2
6
1
7
3
5
3
4
3
4
4
6
4
3
7
5
5
2
4
8
3
2
2
7
6
6
5
3
6
5
2
9
4
3
5
3
3
5
6
3
4
5
2
4
6
4
3
4
5
5
5
1
3
3
4
5
4
2
1
2
3
6
6
0
4
2
6
4
6
5
3
3
5
5
6
5
3
2
2
3
4
1
1
3
4
3
5
3
3
7
4
5
4
5
10
4
2
5
8
6
4
2
6
3
1
2
5
7
4
2
5
5
10
4
3
2
9
5
4
2
4
3
2
2
2
3
8
2
2
5
3
4
4
9
1
3
4
4
3
2
4
1
3
2
3
5
6
1
3
1
3
2
4
5
4
3
3
5
0
5
4
1
3
2
5
8
5
2
4
3
1
1
5
0
0
0
1
4
1
2
2
1
2
3
2
0
6
1
6
4
2
4
5
2
2
5
5
4
1
3
4
2
2
7
7
4
1
1
3
0
2
5
1
2
1
1
5
1
1
2
2
2
3
8
3
1
3
3
4
6
3
1
4
1
3
0
2
1
6
0
3
1
1
1
3
0
3
2
4
1
3
1
3
3
1
2
3
2
2
3
1
0
1
1
2
1
1
5
4
2
2
4
1
1
3
3
3
2
3
1
2
2
2
2
2
1
2
2
0
3
1
6
0
1
2
0
2
4
1
2
4
1
1
1
2
2
1
2
2
3
1
2
4
2
3
1
2
1
1
3
3
2
4
5
4
2
3
5
2
3
4
2
3
0
3
2
1
4
3
4
0
3
2
6
1
2
1
2
1
2
2
1
2
2
2
3
1
2
2
2
2
1
2
3
5
0
2
3
1
3
5
4
1
2
2
5
4
4
0
3
3
5
0
2
3
2
1
2
3
4
5
0
3
2
8
1
2
1
2
1
2
1
3
2
1
1
0
2
2
2
0
0
0
1
2
0
3
2
2
1
0
3
1
4
2
3
4
0
1
2
4
2
3
2
1
1
1
3
4
3
3
1
0
3
1
0
3
1
0
3
4
1
0
2
2
1
2
1
4
2
2
2
0
1
0
3
1
1
4
1
2
2
4
2
4
1
4
1
1
1
0
5
1
5
1
0
2
2
0
3
3
3
0
0
1
1
0
1
0
3
3
1
0
2
1
1
1
0
2
0
3
4
2
1
1
2
1
3
0
0
5
2
3
1
0
1
2
1
0
1
1
4
0
0
3
0
0
1
0
2
1
0
0
0
2
1
2
0
0
3
0
2
1
1
0
0
2
0
1
2
1
0
1
1
1
1
2
0
2
2
1
2
1
0
1
1
0
1
1
2
1
2
0
0
1
2
5
0
1
1
2
0
0
1
1
2
2
0
0
0
1
0
2
0
0
2
1
2
1
1
1
1
1
1
2
1
2
1
0
0
0
3
0
1
3
2
1
0
0
0
1
1
0
2
0
2
0
0
1
1
1
1
3
0
0
1
1
1
2
1
0
0
2
0
2
1
1
1
0
1
0
1
2
3
2
2
0
1
0
2
1
1
1
1
2
0
0
1
0
0
0
2
0
0
3
0
1
0
1
0
0
2
1
0
0
1
0
4
1
0
2
1
2
0
0
1
1
1
1
2
1
0
0
2
3
2
0
2
0
1
0
4
2
2
0
0
0
0
0
2
0
1
0
1
0
0
0
1
1
1
0
0
1
0
2
0
0
1
0
1
1
0
1
0
2
0
0
0
1
0
2
0
0
1
2
1
0
1
0
1
1
1
1
1
3
1
1
0
0
0
1
1
1
1
1
0
0
0
1
0
1
0
2
2
0
0
0
1
1
1
1
2
1
0
3
1
0
1
0
2
1
1
1
1
0
1
2
0
0
0
1
0
0
0
0
0
0
1
0
0
1
0
0
2
1
0
3
1
0
3
0
0
2
1
0
0
0
2
0
0
0
1
2
2
2
1
3
1
0
0
0
2
0
1
0
0
1
1
0
1
0
1
0
1
0
1
0
1
0
0
0
2
0
2
0
1
3
1
0
1
0
1
1
0
0
0
0
1
0
0
1
0
0
1
1
0
0
2
0
0
2
1
0
0
1
0
0
0
1
0
2
0
0
1
1
0
0
0
0
1
4
1
0
1
1
1
1
0
1
1
0
0
3
0
0
0
0
1
0
2
1
1
0
0
1
0
0
1
0
2
2
1
0
1
3
1
0
2
2
0
3
1
1
2
0
0
1
1
2
1
2
0
0
1
0
3
0
2
0
0
1
1
1
1
0
0
0
0
1
0
1
1
0
0
2
0
0
0
1
0
0
0
1
2
2
0
2
1
2
2
1
0
0
1
2
1
1
1
0
1
0
0
1
1
0
0
0
2
0
0
0
1
0
2
2
2
0
1
0
0
1
0
1
2
1
0
0
0
0
1
1
1
1
0
0
2
0
0
1
2
0
1
1
0
2
2
1
0
0
0
1
1
0
0
0
0
0
0
1
0
1
2
1
1
2
0
1
0
1
0
0
2
0
0
0
1
1
1
0
1
0
2
1
0
0
1
0
0
0
0
0
0
1
0
1
0
0
0
1
0
1
2
1
1
0
1
0
0
2
1
0
1
0
1
2
0
1
1
1
0
0
1
0
0
1
0
1
0
0
0
1
0
1
1
0
0
1
1
0
2
2
0
1
1
0
1
0
0
1
0
0
0
0
1
1
0
1
0
0
0
0
1
0
0
1
1
0
0
2
1
1
0
1
0
0
0
0
1
1
1
0
0
0
1
0
0
1
2
0
2
1
0
0
2
2
0
0
1
1
1
0
1
1
0
1
2
0
1
0
2
0
2
1
0
0
1
0
0
0
1
1
1
2
0
0
0
0
1
2
0
2
0
0
1
2
0
0
0
0
2
0
0
0
0
0
0
1
0
0
1
0
0
1
1
0
0
3
1
1
2
1
0
1
1
1
2
1
1
0
0
2
1
1
0
0
0
0
1
0
1
0
0
0
1
1
1
0
1
1
0
1
1
0
0
1
2
0
2
0
0
2
0
0
1
1
0
1
0
0
0
0
0
1
0
2
0
0
0
1
3
0
0
0
1
0
1
0
2
0
0
0
1
0
1
1
0
1
2
0
1
3
0
0
1
2
1
0
0
0
1
0
2
0
0
0
1
1
2
0
0
0
0
0
0
2
0
1
0
1
1
0
1
1
1
0
1
0
0
0
0
0
1
1
0
0
0
2
1
0
1
3
1
1
1
3
0
0
1
1
1
2
0
0
0
2
0
1
0
1
1
1
2
0
3
0
2
0
1
0
1
0
2
0
0
1
1
1
1
0
0
0
0
0
0
0
1
0
1
0
1
1
0
0
0
1
0
1
0
1
0
4
1
0
0
0
0
1
1
0
1
0
1
1
1
1
0
0
0
0
0
0
0
0
0
1
1
0
0
0
2
1
2
0
1
0
0
1
0
1
2
0
2
0
1
1
0
0
1
2
1
0
1
0
0
0
1
0
1
1
1
1
0
1
0
0
0
0
0
1
0
0
0
0
0
0
0
0
1
0
1
0
0
0
0
0
0
0
0
0
1
0
1
2
0
0
1
0
1
1
0
0
1
0
1
1
1
1
0
0
0
0
2
1
1
0
0
0
1
0
0
0
1
2
0
0
0
0
0
0
0
0
1
0
1
1
0
1
0
0
0
0
0
0
0
0
0
0
1
0
1
0
0
0
0
0
0
0
0
1
2
0
0
0
0
2
0
0
1
0
0
0
0
1
0
0
1
0
0
1
0
0
0
0
1
0
1
0
0
0
0
0
0
0
0
0
0
0
0
1
1
0
0
1
1
0
1
1
0
0
0
1
0
0
0
2
1
0
0
1
0
0
0
0
0
1
1
1
0
0
0
0
1
0
1
0
1
0
0
1
0
0
1
0
0
0
0
0
0
0
1
0
0
0
0
1
0
0
0
0
0
1
0
0
1
3
0
0
0
0
0
0
0
0
0
0
0
0
0
0
0
0
1
0
0
0
0
0
0
0
0
0
0
0
1
0
1
0
0
0
0
0
0
0
0
0
0
0
0
1
0
0
0
0
0
1
0
0
0
0
0
0
0
0
0
0
1
0
0
0
0
1
0
1
1
0
0
0
0
0
0
0
0
0
0
0
0
0
1
3
0
0
1
0
0
0
1
1
1
0
1
0
0
0
0
0
1
0
0
0
1
0
0
1
0
0
0
1
0
0
0
0
0
0
0
0
1
0
1
0
0
1
1
0
0
0
1
0
0
0
0
0
0
0
0
1
0
0
0
1
0
0
0
2
0
2
0
0
0
2
0
0
1
0
0
1
0
0
1
0
0
0
0
0
0
0
0
0
0
0
0
1
0
0
0
0
0
0
0
2
0
0
0
0
1
0
0
0
0
0
2
2
0
0
2
0
0
0
0
0
0
2
0
0
0
0
0
1
1
1
0
0
0
0
1
0
0
0
0
0
0
0
1
1
0
1
2
0
1
0
0
1
1
1
0
0
0
0
0
0
0
1
0
0
1
0
0
0
0
0
1
1
1
0
0
0
0
0
0
1
1
0
0
0
0
0
0
0
1
0
1
0
0
0
0
0
0
0
0
0
0
0
0
0
1
0
0
0
0
2
0
0
1
0
0
0
0
1
0
0
0
0
2
0
1
0
0
0
0
0
0
0
0
0
0
0
0
2
0
0
0
0
0
0
0
1
0
0
1
0
0
0
0
1
0
0
1
0
0
0
0
0
0
0
0
0
0
0
0
0
0
0
0
0
1
0
0
0
0
0
0
1
0
0
0
0
1
0
0
0
1
0
2
0
0
0
0
0
0
0
0
0
0
0
0
0
0
0
0
0
0
0
0
0
0
1
0
0
0
0
0
0
1
0
0
0
0
0
0
0
1
0
0
0
0
0
0
0
0
0
1
1
0
0
0
0
0
0
0
1
0
0
0
0
0
0
0
1
0
1
0
0
0
0
1
0
0
0
0
0
0
0
0
0
0
0
0
1
0
0
0
0
0
0
0
0
0
0
0
1
0
0
0
0
0
0
0
0
1
0
0
0
0
0
0
0
1
0
0
0
1
0
1
1
1
0
0
0
0
0
0
0
0
1
0
0
0
1
0
0
0
0
1
0
0
0
0
0
0
0
0
1
1
0
0
1
0
0
0
0
0
0
0
2
0
0
0
0
0
0
0
0
0
1
0
0
0
0
0
0
0
1
0
0
1
0
0
0
0
0
1
1
0
1
0
1
0
0
0
0
0
0
0
0
1
0
0
1
0
0
0
0
0
0
0
0
1
0
0
0
0
0
0
0
2
1
0
0
0
0
0
0
0
1
0
0
1
0
0
0
0
0
1
0
1
1
0
0
1
0
0
0
0
0
0
0
0
0
0
0
1
0
0
0
0
1
0
0
0
1
0
1
0
2
0
0
0
1
0
0
1
0
1
0
0
0
0
0
0
0
0
0
0
0
0
0
1
0
0
0
1
0
0
1
1
0
0
0
0
0
0
0
0
0
0
0
0
0
0
0
0
1
2
0
0
1
0
1
0
0
0
0
0
0
0
0
1
0
0
0
0
0
0
0
0
0
0
0
0
0
1
0
0
0
0
0
0
0
0
0
0
0
0
1
0
1
0
0
0
1
0
0
0
1
0
0
0
0
0
0
1
0
0
0
0
0
0
0
0
2
0
0
1
0
0
0
0
0
0
0
0
0
0
0
0
0
0
0
0
0
0
0
0
0
0
0
0
0
1
1
0
0
0
1
0
0
0
0
0
0
0
0
2
0
0
0
0
0
0
0
0
0
0
0
0
0
0
1
0
1
0
0
2
0
0
0
0
1
0
0
0
0
0
0
0
0
0
0
1
0
0
0
0
0
1
0
1
0
1
1
0
1
1
0
1
0
0
0
0
0
0
0
1
0
0
0
0
0
0
1
1
0
0
0
0
0
0
0
0
0
0
0
0
0
0
1
0
1
0
0
0
1
0
1
1
1
0
1
0
0
0
0
0
0
0
0
0
0
0
0
0
0
0
0
0
0
1
0
0
2
0
0
0
0
0
0
0
0
0
0
0
0
0
0
0
0
0
0
0
0
0
0
0
1
0
0
1
0
0
0
0
0
0
1
0
0
0
1
0
0
0
0
0
0
0
0
0
0
0
1
0
0
0
0
0
2
1
0
0
0
0
0
0
0
0
1
0
0
0
1
0
1
0
0
0
0
0
1
0
1
1
0
2
0
0
0
0
0
1
0
0
0
0
0
1
1
0
0
1
0
2
1
2
0
0
0
0
1
0
0
0
0
0
0
0
0
0
0
2
0
0
0
0
0
0
0
0
1
0
0
0
0
0
0
1
0
0
0
1
0
0
1
0
0
0
0
0
0
1
0
0
0
1
0
0
2
0
0
0
0
0
0
0
0
0
1
0
0
1
0
0
0
0
1
0
1
0
0
0
0
0
0
0
0
1
1
0
0
0
0
0
0
0
0
0
0
0
0
0
1
0
0
0
0
0
0
0
0
0
0
0
0
1
0
1
0
0
0
0
1
0
0
0
0
0
1
0
0
0
0
0
1
0
1
0
0
0
0
0
0
1
0
0
0
0
0
1
0
1
1
0
0
0
0
0
0
0
0
0
0
0
0
0
0
0
1
0
0
1
0
0
0
0
0
0
0
0
0
0
0
0
0
0
0
0
0
0
0
0
0
0
0
0
0
1
2
0
0
0
0
0
0
0
0
0
0
0
0
0
0
1
0
0
0
0
0
0
0
0
1
0
0
0
0
0
0
0
0
0
0
0
0
0
0
0
0
0
0
0
0
0
0
0
0
0
0
0
0
0
1
0
0
0
1
0
0
0
0
0
0
0
1
1
0
0
0
0
1
1
1
0
0
0
0
1
0
0
0
0
1
0
0
0
1
0
0
0
0
0
0
0
0
1
1
0
0
0
0
0
0
0
0
0
0
0
0
0
0
1
0
1
0
0
1
0
1
2
0
0
0
0
1
1
0
0
0
0
1
0
0
0
1
0
0
1
0
0
0
0
0
0
0
0
0
0
1
0
0
0
0
3
0
0
0
1
0
0
0
0
0
0
0
1
0
0
0
0
0
0
0
0
0
0
0
0
1
0
0
0
1
0
0
0
0
0
0
0
0
0
0
1
0
2
0
0
0
0
0
0
0
1
0
0
0
0
0
0
0
0
0
0
0
1
0
1
0
0
0
0
2
0
0
0
0
1
0
0
0
0
0
0
0
1
0
1
0
0
0
1
0
1
0
0
0
1
0
0
0
1
0
0
1
0
0
1
0
0
0
1
0
1
0
0
0
1
0
0
0
0
0
0
0
0
0
0
0
1
0
0
0
0
0
1
0
1
0
0
0
0
1
0
0
1
1
0
0
0
1
0
2
0
1
0
0
0
0
0
0
0
0
1
0
0
0
0
0
0
0
0
0
0
0
0
0
0
0
0
0
0
0
0
0
1
0
0
0
0
0
0
0
0
0
0
0
0
0
0
0
0
0
0
1
1
0
0
0
0
0
0
1
0
0
0
1
0
0
0
0
0
0
1
0
1
0
1
0
0
0
0
0
0
0
0
0
1
0
0
0
0
1
1
1
0
0
0
0
1
0
1
0
0
0
0
0
0
0
0
0
1
0
1
0
1
0
1
0
0
0
0
0
0
0
1
0
0
0
0
0
0
1
0
0
0
0
0
0
2
0
0
0
0
0
1
0
0
0
0
0
0
0
0
0
0
0
0
0
0
1
0
0
0
1
0
0
1
0
0
0
0
0
0
0
0
0
0
0
0
1
0
0
0
0
0
0
1
0
0
0
0
0
0
0
0
0
0
0
0
0
0
0
1
0
0
0
0
0
0
0
1
0
0
0
0
0
0
0
0
0
0
0
0
0
0
0
0
2
0
0
0
0
1
0
0
0
0
0
0
1
0
0
0
0
0
0
1
0
0
1
0
0
0
0
0
0
0
0
0
0
0
0
0
0
0
0
1
0
0
0
0
0
0
0
1
0
0
0
0
0
1
0
0
0
0
0
0
0
0
1
0
0
0
0
0
0
1
0
0
0
1
0
0
0
0
0
1
0
0
0
0
0
0
1
0
1
0
0
0
0
0
0
0
0
0
0
0
0
0
0
0
0
0
0
0
0
1
0
1
0
0
1
0
0
1
0
0
0
0
0
0
0
0
0
0
0
0
0
0
0
0
0
0
0
0
0
0
0
0
0
0
0
0
1
0
0
0
0
0
0
0
0
0
0
0
0
0
0
0
0
0
0
0
0
1
0
0
0
0
0
0
0
0
0
0
0
0
0
0
0
0
0
0
0
0
0
0
1
0
0
0
0
0
0
0
0
0
0
0
0
0
0
0
0
0
0
0
0
0
0
0
0
0
0
1
0
0
0
0
0
1
0
0
1
0
0
0
0
0
0
0
1
0
0
0
0
0
0
0
0
1
0
0
0
0
0
0
0
0
0
0
0
0
0
0
0
0
1
0
1
0
0
0
0
0
0
0
0
0
0
0
1
0
0
1
0
1
0
0
0
0
0
0
0
0
0
0
0
0
0
0
0
0
0
0
0
0
0
1
0
0
0
0
0
0
0
0
0
0
0
0
0
0
1
0
0
0
0
0
0
0
0
0
0
0
0
1
0
0
0
0
0
0
0
0
0
1
0
0
0
0
0
0
0
0
0
0
0
1
0
0
1
1
0
0
0
0
0
0
0
0
0
0
0
0
0
0
1
0
0
0
0
0
0
0
0
0
0
0
0
0
0
0
0
0
0
0
0
0
0
0
0
0
0
0
0
0
0
0
0
0
0
0
0
0
0
0
0
0
0
0
0
0
0
0
0
0
0
0
0
0
0
1
0
0
0
0
0
0
0
0
0
0
0
0
0
0
0
0
0
0
0
0
0
0
0
0
0
0
0
0
0
1
0
0
0
0
0
0
0
0
0
0
0
0
0
0
0
0
0
0
0
1
0
0
1
0
0
0
0
0
0
1
0
0
0
0
0
0
0
0
0
0
0
0
0
0
1
1
0
0
0
0
0
0
0
0
1
0
0
0
0
0
0
0
1
0
0
0
0
0
0
0
0
0
1
0
0
0
0
0
0
0
0
0
0
1
0
0
0
0
0
0
0
0
0
0
0
0
0
0
0
0
0
0
0
0
0
0
0
0
0
0
0
0
0
0
0
0
0
0
0
0
0
0
0
0
0
0
0
0
0
0
0
0
2
0
0
0
0
0
0
0
0
0
0
0
0
0
0
0
0
0
0
0
0
0
0
0
0
0
0
0
1
0
0
0
0
0
0
0
0
0
0
0
0
0
1
0
0
0
0
0
0
0
0
0
0
0
0
0
1
0
0
0
0
0
0
0
0
0
0
0
0
0
0
0
0
0
0
0
0
0
0
0
0
0
0
0
0
0
0
0
0
0
0
1
0
0
0
1
0
0
0
0
0
0
0
0
0
1
0
0
0
0
0
0
0
0
0
0
0
0
0
0
0
0
0
0
0
0
0
0
0
0
0
0
0
1
0
0
0
0
0
2
0
0
0
0
0
0
0
0
0
0
0
0
0
0
0
0
0
0
0
0
0
0
0
0
1
0
1
0
0
0
0
0
0
0
0
1
0
1
0
0
0
0
0
1
0
1
0
0
0
0
0
0
0
1
0
1
0
0
0
0
1
0
0
0
0
0
0
0
0
0
1
0
1
0
0
0
0
0
0
0
0
0
1
1
0
0
0
0
0
1
1
0
0
0
0
0
1
0
0
0
0
0
0
0
0
0
0
0
0
1
0
0
0
0
0
0
0
0
1
1
0
1
0
0
2
1
0
0
0
0
0
1
1
0
0
0
0
1
0
0
0
0
0
0
2
0
1
0
1
1
0
0
0
0
1
0
0
0
0
0
0
0
0
0
0
0
2
0
0
1
0
0
0
1
0
0
0
0
0
0
0
0
0
0
0
0
0
0
1
0
0
0
0
0
0
0
0
0
0
0
0
0
0
2
0
1
0
0
0
0
0
0
0
1
0
0
0
1
1
0
0
0
0
0
1
0
1
0
1
0
1
0
1
0
1
0
0
0
0
0
1
0
0
0
0
1
1
0
0
0
0
4
1
0
0
0
0
0
1
0
1
1
0
0
1
1
0
0
0
0
0
0
0
0
0
1
0
0
0
0
0
0
0
0
0
0
1
0
0
0
0
0
0
0
0
0
0
1
0
1
0
0
1
1
0
0
0
0
0
0
0
0
1
0
0
1
0
0
0
1
0
0
0
0
0
0
0
0
0
0
1
0
0
0
0
0
0
0
0
0
0
0
0
0
0
0
0
0
0
0
0
0
0
0
0
0
0
0
0
0
0
0
0
0
1
0
1
0
0
0
1
0
0
0
0
0
0
0
0
0
0
0
0
0
0
0
0
0
0
1
0
0
0
1
0
1
0
0
0
1
0
1
0
1
0
0
0
0
0
0
0
0
1
0
0
1
0
0
0
0
0
0
0
0
0
0
0
0
0
0
0
1
0
0
0
0
0
0
0
0
0
0
0
0
0
0
0
0
0
0
0
1
0
0
0
0
0
0
0
0
0
0
0
0
0
0
0
1
0
0
0
0
0
0
0
0
0
0
0
0
0
0
0
0
0
0
0
0
0
0
0
0
0
0
0
0
0
0
0
0
0
0
0
0
0
0
0
0
0
0
0
0
0
0
0
0
0
0
0
0
0
0
0
1
0
0
0
0
0
0
0
0
0
1
0
0
0
0
0
0
0
0
1
0
0
0
0
0
0
0
0
1
0
0
0
0
0
0
0
0
0
0
0
0
0
0
0
0
0
0
0
0
0
0
0
0
0
0
0
0
0
0
0
0
0
0
0
0
0
0
0
0
0
0
0
0
0
2
0
0
0
0
0
0
0
0
0
0
0
1
0
0
0
0
0
0
0
0
0
0
0
0
0
0
0
0
0
0
0
0
0
0
0
0
0
0
0
0
0
0
0
0
0
0
0
0
0
0
0
0
0
0
0
0
0
0
0
0
0
0
0
0
0
0
0
0
0
0
0
0
0
0
0
0
0
0
0
0
0
0
0
0
0
0
0
0
0
0
0
0
0
0
0
0
0
0
0
0
0
0
0
0
0
0
0
0
0
0
0
0
0
0
0
0
0
0
0
0
0
0
0
0
0
1
0
0
0
0
1
0
0
0
0
0
0
0
0
0
0
0
0
0
0
0
0
0
0
0
0
0
0
0
0
0
0
0
0
0
0
0
0
0
0
0
0
0
0
0
0
0
0
0
0
0
0
0
0
0
0
0
0
0
0
0
0
0
0
0
0
0
0
0
0
0
0
0
0
0
0
0
0
0
0
0
0
0
0
0
0
0
0
0
0
0
0
0
0
0
0
0
0
0
0
0
0
0
0
0
0
0
0
0
0
0
0
0
0
0
0
0
0
0
0
0
0
0
0
0
0
0
0
0
0
0
0
0
0
0
0
0
0
1
0
1
0
0
0
0
0
0
0
0
0
0
0
0
0
0
0
0
0
0
0
0
0
0
0
0
0
0
0
0
0
1
0
0
0
0
1
0
0
0
0
0
0
0
0
0
0
0
0
0
0
0
0
0
0
0
0
0
0
0
0
0
0
0
0
0
0
0
0
0
0
0
0
0
0
0
0
0
0
0
0
0
0
0
0
0
0
0
0
0
0
0
0
0
0
0
0
0
0
0
0
0
0
0
0
0
0
0
0
0
0
1
0
0
0
0
0
0
0
0
0
0
0
0
0
0
0
0
0
0
0
0
0
0
0
0
0
0
0
0
0
0
0
0
0
0
0
0
0
0
0
0
0
0
0
0
0
0
0
0
0
0
0
0
0
0
0
0
0
0
0
0
0
0
0
0
0
0
0
0
0
0
0
0
0
0
0
0
0
0
0
0
0
0
0
0
0
0
0
1
0
0
0
1
0
0
0
0
0
0
0
0
0
0
0
0
0
0
0
0
0
0
0
0
0
0
0
0
0
0
0
0
0
0
0
0
0
0
0
0
0
0
0
1
0
0
0
0
0
0
0
0
0
0
0
0
0
0
0
0
0
0
0
0
0
0
0
0
0
0
0
0
0
0
0
0
0
0
0
0
0
0
0
0
0
0
0
0
0
0
0
0
0
0
0
0
0
0
0
0
0
0
0
0
0
0
0
0
0
0
0
0
0
0
0
0
0
0
0
0
0
0
0
0
0
0
0
0
0
0
0
0
0
0
0
0
0
0
0
0
0
0
0
0
0
0
0
0
0
0
0
0
0
0
0
1
0
0
0
0
0
0
0
0
0
0
0
0
0
0
0
1
0
0
0
0
1
0
0
0
0
0
0
1
0
0
0
0
0
0
0
0
0
0
0
0
0
0
0
0
0
0
0
0
0
0
0
0
0
0
0
0
0
0
0
0
0
0
0
0
0
0
0
0
2
0
0
0
0
0
0
0
0
0
0
0
0
0
0
0
0
1
0
0
0
0
0
0
0
0
0
0
0
0
1
0
0
0
0
0
0
0
0
0
0
0
0
0
0
0
0
0
0
0
0
0
0
0
0
1
0
0
0
0
0
0
0
0
0
0
0
0
0
0
0
0
0
0
0
0
0
0
0
0
0
0
0
0
0
0
0
0
0
0
0
0
0
0
0
0
0
0
0
0
0
0
1
0
0
0
0
0
0
0
0
0
0
0
0
0
0
0
0
0
0
0
0
0
0
0
0
0
1
0
0
0
0
0
0
0
0
0
0
0
0
0
1
0
0
0
0
0
0
0
0
0
0
0
0
0
0
0
0
0
0
0
0
0
0
0
0
0
0
0
0
0
0
0
0
0
0
0
0
0
0
0
0
0
1
0
0
1
0
0
1
0
0
0
0
0
0
0
0
0
1
0
0
0
0
0
0
0
0
0
0
0
0
0
0
0
0
0
0
0
0
0
0
0
0
0
0
0
0
0
0
0
0
0
0
0
0
0
0
0
0
0
0
0
0
0
0
0
0
0
0
0
0
0
0
0
0
0
0
0
0
0
0
0
0
0
0
0
0
0
0
0
0
0
0
0
0
0
0
0
0
0
0
0
0
0
0
0
0
0
0
0
0
0
0
0
0
0
0
0
0
0
0
0
0
0
0
0
0
0
0
0
0
0
0
0
0
0
0
0
0
0
0
0
0
0
0
0
0
0
0
0
0
0
0
0
0
0
0
0
0
0
0
0
0
0
0
0
0
0
0
0
0
0
0
0
0
0
0
0
0
0
0
0
0
0
0
0
0
0
0
0
0
0
0
0
0
0
0
1
0
0
0
0
0
0
0
0
0
0
0
0
0
0
0
0
0
0
0
0
0
0
0
0
0
0
0
0
0
0
0
0
0
0
0
0
1
0
0
0
0
0
0
0
0
0
0
0
0
0
0
0
0
0
0
0
0
0
0
0
0
0
0
0
0
0
0
0
0
0
0
0
0
0
0
0
0
0
0
0
0
0
0
0
0
0
0
0
0
0
0
0
0
0
0
0
0
0
0
0
0
0
0
0
0
0
0
0
0
0
0
0
0
0
0
0
0
0
0
0
0
0
0
0
0
0
0
0
0
0
0
0
0
0
0
0
0
0
0
0
0
0
0
0
0
0
0
0
0
0
0
0
0
0
0
0
0
0
0
0
0
0
0
0
0
0
0
0
0
0
0
0
0
0
0
0
0
0
0
0
0
0
0
0
0
0
0
0
0
0
0
0
0
0
0
0
0
0
0
0
0
0
0
1
0
0
0
0
0
0
0
0
0
0
0
0
0
0
0
0
0
0
0
0
0
0
0
0
0
0
0
0
0
0
0
0
0
0
0
0
0
1
0
0
0
0
0
0
0
0
0
0
0
0
0
0
0
0
0
0
0
0
0
0
0
1
0
0
0
0
0
0
0
0
0
0
0
0
0
0
0
0
0
0
0
0
0
1
0
0
0
0
0
0
0
0
0
0
0
0
0
0
0
0
0
0
0
0
0
0
0
0
0
0
0
0
0
0
1
0
0
0
0
0
0
0
0
0
0
0
0
0
0
0
0
0
0
0
0
0
0
0
0
0
0
0
0
0
0
0
0
0
0
0
0
0
0
0
0
0
0
0
0
0
0
0
0
0
0
0
0
0
0
0
0
0
0
0
0
0
0
0
0
0
0
0
0
1
0
0
0
0
0
0
0
0
0
0
0
0
0
0
0
0
0
0
0
0
0
0
0
0
0
0
0
0
0
0
0
0
0
0
0
0
0
0
0
0
0
0
0
0
0
0
0
0
0
0
0
0
0
0
0
0
0
0
0
0
0
0
0
0
0
0
0
0
0
0
0
0
0
0
0
0
0
0
0
0
0
0
0
0
0
0
0
0
0
0
0
0
0
0
0
0
0
0
0
0
1
0
0
0
0
0
0
0
0
0
0
0
0
0
0
0
0
0
0
0
0
0
0
0
0
0
0
0
0
0
0
0
0
0
0
0
0
0
0
0
0
0
0
0
0
0
0
0
0
0
0
0
0
0
0
0
0
0
0
0
0
0
0
0
0
0
0
0
0
0
0
0
0
0
0
0
0
0
0
0
0
1
0
0
0
0
0
0
0
0
0
0
0
0
0
0
0
0
0
0
0
0
0
0
0
0
0
0
0
0
0
0
0
0
0
0
0
0
0
0
0
0
0
0
0
0
0
0
0
0
0
0
0
0
0
0
0
0
0
0
0
0
0
0
0
0
0
0
0
0
0
0
0
0
0
0
0
0
0
0
0
0
0
0
0
1
0
0
0
0
0
0
0
0
0
0
0
1
0
0
0
0
0
0
0
0
0
0
0
0
0
0
0
0
0
0
0
0
0
0
0
0
0
0
0
0
0
0
0
0
0
0
0
0
0
0
0
0
0
0
0
0
0
0
1
0
0
0
0
0
0
0
0
0
0
0
0
0
0
0
0
0
0
0
0
0
0
0
0
0
0
0
0
0
0
0
0
0
0
0
0
0
0
0
0
0
0
0
0
0
0
0
0
0
0
0
0
0
0
0
0
0
0
0
0
0
0
0
0
0
0
0
1
0
0
0
0
0
0
0
0
0
0
0
0
0
0
0
0
0
0
0
0
0
0
0
0
0
0
0
0
0
0
0
0
0
0
0
0
0
1
0
0
0
0
0
0
0
0
0
0
0
0
0
0
0
0
0
0
0
0
0
0
0
0
0
0
0
0
0
0
0
0
0
0
0
0
0
0
0
0
0
0
0
0
0
0
0
0
0
0
0
0
1
0
0
0
0
0
0
0
0
0
0
2
0
0
0
0
0
0
0
0
0
0
0
0
0
0
0
0
0
0
0
0
0
0
0
0
0
0
0
0
0
0
0
0
0
0
0
0
0
0
0
0
0
0
0
0
0
0
0
0
0
0
0
0
0
0
0
0
0
0
0
0
0
0
0
0
0
0
0
0
0
0
0
0
0
0
0
0
0
0
0
0
0
0
0
0
0
0
0
0
0
0
0
0
0
0
0
0
0
1
0
0
0
0
0
0
0
0
0
0
0
0
0
0
0
0
0
0
0
0
0
0
0
0
0
0
0
0
0
0
0
0
0
0
0
0
0
0
0
0
0
0
0
0
1
0
0
0
0
0
1
0
0
0
0
0
0
0
0
0
0
0
0
0
0
0
0
0
0
0
0
1
0
0
0
0
0
0
0
0
0
0
0
0
0
0
0
0
0
0
0
0
0
0
0
0
0
0
0
0
0
0
0
0
0
0
0
0
0
0
0
0
0
0
0
0
0
0
0
0
0
0
0
0
0
0
0
0
0
0
0
0
0
0
0
0
1
0
0
0
0
0
0
0
0
0
0
0
0
0
0
0
0
0
0
0
0
0
0
0
0
0
0
0
0
0
1
0
0
0
0
0
0
0
0
0
0
0
0
0
0
0
0
0
0
0
0
0
0
0
0
0
0
0
0
0
0
0
0
0
0
0
0
0
0
0
0
0
0
0
0
0
0
0
0
0
0
0
0
0
0
0
0
0
0
0
0
0
0
0
0
0
0
0
0
0
0
0
0
0
0
0
0
0
0
0
0
0
0
0
0
0
0
0
0
0
0
0
0
0
0
0
0
0
0
0
0
0
0
0
0
0
0
0
0
0
0
0
0
0
0
0
0
0
0
0
0
0
0
0
0
0
0
0
0
0
0
0
0
0
0
0
0
0
0
0
0
0
0
0
0
0
0
0
0
0
1
0
0
0
0
0
0
0
0
0
0
0
0
0
0
0
0
0
0
0
0
0
0
0
0
0
0
0
0
0
0
0
0
0
0
0
0
0
0
0
0
0
0
0
0
0
0
0
0
0
0
0
0
0
0
0
0
0
0
0
0
0
0
0
0
0
0
0
0
0
0
0
0
0
0
0
0
0
0
0
0
0
0
0
0
0
0
0
0
0
0
0
0
0
0
0
0
1
0
0
0
0
0
0
0
2
0
1
2
1
2
3
2
0
0
0
0
0
0
0
4
3
2
1
1
0
0
1
1
0
0
0
1
2
0
0
0
0
0
2
0
0
0
0
0
1
1
1
2
2
0
0
1
1
0
2
2
1
0
0
2
0
0
0
1
0
1
2
1
3
3
0
0
0
0
3
0
0
2
1
0
1
0
0
1
1
0
1
0
1
4
0
2
1
3
0
1
0
0
2
1
2
2
1
2
2
3
0
1
2
0
1
0
1
1
1
2
2
1
1
2
1
0
2
1
0
0
2
0
0
0
