0
0
0
0
0
0
0
0
0
0
0
0
0
0
0
0
0
0
0
0
0
0
1
0
0
0
0
0
0
0
0
0
0
0
0
0
0
0
0
0
0
0
0
0
0
0
0
0
0
0
0
0
0
0
0
0
0
0
0
0
0
0
0
0
0
0
0
0
0
0
0
0
0
0
0
1
0
0
0
0
1
2
0
0
0
1
1
0
0
2
0
1
1
1
2
1
2
1
4
7
0
2
13
106
212
290
279
278
276
250
215
207
208
191
216
209
222
204
228
213
194
172
139
136
131
132
121
147
110
122
121
124
93
98
123
107
88
101
95
80
88
97
91
92
81
89
81
77
92
74
81
76
84
94
69
88
82
77
74
85
73
86
78
77
81
92
86
87
90
91
79
75
76
87
76
66
76
95
87
83
78
71
64
82
75
83
93
62
81
87
88
89
84
78
80
59
86
82
86
93
81
63
82
67
69
81
66
74
78
80
73
89
72
69
84
80
78
86
85
71
78
87
88
98
85
94
64
81
76
62
75
64
87
73
81
76
88
82
77
80
85
88
94
88
102
79
91
79
78
81
72
83
65
85
81
84
78
86
71
89
72
80
83
89
78
86
64
72
111
74
91
95
83
95
87
70
76
84
82
86
75
82
91
79
89
86
87
75
78
106
89
86
72
89
103
78
78
110
73
85
91
71
75
66
98
100
93
85
81
81
67
93
86
99
86
84
78
75
95
86
83
77
97
96
94
83
77
73
91
86
87
88
77
76
85
74
87
83
81
82
93
68
91
89
86
78
75
92
79
102
68
90
95
83
89
85
81
79
100
78
86
75
81
95
80
86
88
86
90
65
85
101
89
95
98
84
81
83
87
75
86
84
76
89
74
74
82
90
65
80
81
74
80
87
84
66
81
83
95
85
96
77
86
74
88
87
89
76
96
85
92
77
74
72
96
88
84
102
77
77
88
76
98
95
100
79
91
83
80
96
85
116
90
73
64
85
91
61
100
87
85
90
89
88
87
87
78
101
88
86
79
101
93
84
97
85
99
80
73
94
99
78
84
84
77
98
88
78
98
87
86
86
88
83
89
84
88
104
78
93
94
91
81
78
93
77
94
100
90
82
82
87
73
88
90
75
89
90
101
69
104
84
72
95
83
62
83
90
91
76
81
93
91
86
103
92
94
84
80
78
82
82
96
90
99
83
89
90
76
84
84
101
72
85
87
70
81
90
94
91
88
95
74
86
90
89
115
86
93
95
95
99
83
88
80
90
78
93
91
88
91
113
92
83
90
88
89
95
78
87
96
80
84
83
93
96
84
84
90
83
85
95
93
86
107
81
96
86
87
87
86
78
82
106
83
87
88
101
84
87
104
79
86
105
85
87
86
71
88
84
92
88
87
86
92
86
76
75
90
84
90
97
97
100
111
78
93
85
84
98
100
87
86
103
96
81
100
95
89
89
86
106
92
98
112
86
78
101
106
91
110
119
96
105
99
105
92
99
103
108
102
93
109
95
110
103
102
112
115
98
115
117
115
101
116
99
109
131
130
102
103
117
112
128
109
103
115
132
129
111
107
131
124
129
130
119
130
122
128
134
126
130
117
116
110
137
101
119
126
117
130
122
139
118
144
130
148
121
149
135
143
112
132
131
147
129
117
121
136
132
136
134
131
137
122
109
132
110
133
150
123
135
137
125
132
129
133
130
120
125
108
137
114
130
115
106
115
133
121
123
106
138
133
119
119
118
125
122
119
117
114
107
105
123
100
107
111
119
117
110
97
135
111
117
108
108
124
118
108
108
109
120
105
109
128
133
99
99
116
100
112
100
98
95
102
114
123
122
119
129
102
104
92
119
95
102
117
94
116
103
102
118
105
105
94
88
116
99
95
103
127
105
94
100
110
76
123
98
97
93
94
104
83
126
102
108
111
99
97
97
92
78
106
98
100
96
92
90
85
100
86
107
87
75
109
89
103
73
93
84
87
91
90
98
81
85
79
83
83
88
99
105
94
102
88
88
86
86
74
91
90
91
92
85
69
101
97
96
88
90
74
89
77
82
87
95
102
78
87
88
95
79
97
89
88
78
89
88
103
81
69
103
72
89
88
103
91
97
100
74
99
70
87
96
90
88
90
96
90
95
72
80
81
86
79
95
70
86
79
90
80
107
94
92
91
74
89
95
91
83
82
95
77
80
67
79
72
94
76
96
71
64
76
88
85
71
79
78
70
79
73
86
74
67
73
83
72
69
84
74
85
74
65
76
89
87
86
85
67
82
96
77
81
83
89
72
85
81
95
87
83
78
78
74
84
65
66
75
80
79
73
79
63
68
76
86
93
77
67
94
76
69
69
82
60
77
62
84
85
84
65
63
91
69
73
67
91
81
68
79
86
78
65
85
86
68
72
69
73
71
62
65
74
95
63
70
68
65
72
83
66
87
72
77
61
70
88
71
89
65
77
75
78
68
69
65
66
79
76
78
74
70
69
95
80
84
83
96
67
76
68
83
80
85
71
77
84
64
76
61
77
84
86
75
67
58
69
61
91
70
79
73
72
76
73
65
72
70
51
60
65
67
67
62
68
80
69
80
82
62
92
75
74
67
64
63
76
70
77
89
72
59
69
94
66
78
70
67
72
80
65
64
68
68
69
72
68
69
63
67
82
75
67
72
71
83
64
64
68
65
72
73
74
70
62
77
57
72
74
73
59
63
74
77
67
82
55
79
77
66
56
64
68
73
61
60
71
70
78
73
65
66
69
77
63
63
64
78
68
71
95
61
73
72
68
57
76
79
80
69
71
64
65
73
57
60
65
67
70
65
72
66
67
86
64
73
68
61
69
73
69
68
66
75
53
75
72
53
70
73
60
56
77
71
60
80
72
60
74
70
55
69
60
82
66
79
70
54
63
73
73
86
79
66
77
54
79
67
66
75
59
63
59
79
67
67
58
75
61
74
58
75
76
67
62
75
71
69
67
55
65
76
58
62
81
64
74
71
71
56
63
65
71
80
62
67
75
65
57
63
74
68
75
77
58
45
75
77
54
66
74
68
75
88
50
71
73
78
67
72
70
74
50
54
72
76
77
63
70
70
73
72
69
69
67
69
82
61
59
59
78
55
55
59
69
88
65
83
63
78
56
62
64
76
84
76
77
71
72
82
71
78
46
66
75
59
62
48
66
75
61
71
79
58
83
87
68
81
56
71
73
62
69
64
68
52
60
80
65
50
88
69
72
74
57
66
62
66
63
75
60
63
69
66
76
70
73
66
78
69
62
59
64
61
67
66
69
64
72
63
60
65
64
77
58
61
74
70
69
69
66
63
56
66
83
68
86
60
66
67
58
87
54
76
62
72
80
68
60
64
59
75
60
74
50
84
51
65
55
77
56
68
68
59
74
53
69
51
64
70
70
55
71
41
77
67
73
61
75
83
70
53
68
75
62
76
71
63
70
64
57
74
62
53
71
71
71
73
52
66
72
64
64
75
68
56
64
75
76
68
66
74
61
71
65
65
73
77
62
68
66
89
78
74
52
59
59
78
55
63
76
57
53
65
64
69
67
67
65
67
68
53
62
67
58
58
58
60
80
75
70
72
66
64
73
59
63
76
77
69
71
62
58
73
54
55
60
74
69
75
42
46
61
61
57
57
68
70
65
69
57
64
61
60
51
56
83
70
69
62
64
65
63
61
76
62
70
67
64
60
58
58
49
66
72
71
72
59
70
71
70
67
74
57
63
59
66
60
57
73
66
67
69
63
55
77
61
78
76
58
80
60
65
67
59
62
51
58
60
55
57
62
42
51
49
49
67
60
60
46
57
63
70
55
51
66
61
53
54
51
77
58
59
77
64
57
49
66
59
50
46
59
56
61
56
45
54
62
56
56
42
50
49
55
57
46
58
47
62
44
51
53
42
50
45
47
42
43
61
50
47
39
48
59
38
45
47
54
40
38
43
61
57
46
46
60
31
38
36
42
38
37
49
47
36
48
44
41
35
41
37
30
40
49
31
44
36
44
34
40
40
39
37
35
33
39
31
29
26
31
39
42
30
30
29
40
33
29
31
27
26
31
25
24
34
22
25
30
32
27
31
24
41
40
36
28
21
24
27
35
22
33
30
32
24
23
22
22
23
33
34
24
21
23
17
25
19
24
17
22
23
29
30
17
26
26
25
18
24
17
20
24
20
20
30
15
17
30
22
29
22
20
22
15
23
19
23
29
25
21
20
15
24
18
14
31
19
18
26
17
22
17
24
11
27
19
18
19
24
15
15
20
21
18
25
15
15
17
22
18
18
17
17
5
11
25
19
13
22
26
13
22
22
18
13
19
19
21
13
11
15
23
15
19
16
24
20
18
22
18
15
22
21
20
17
12
21
11
22
24
16
15
17
10
19
16
11
19
8
20
17
16
10
11
13
14
12
11
12
19
13
21
13
18
13
20
24
11
16
13
11
25
24
22
10
14
19
13
19
22
22
19
12
12
14
20
18
17
13
16
19
10
19
14
17
14
18
11
21
14
16
15
14
9
13
13
16
11
22
13
15
10
4
13
14
12
16
15
15
18
22
27
18
14
14
13
20
14
19
21
19
15
13
18
11
16
15
8
12
20
15
19
13
15
16
12
18
9
15
11
17
17
16
19
8
13
18
11
16
9
9
19
22
19
20
17
12
15
25
20
19
19
12
19
19
19
19
18
15
13
10
14
16
14
24
14
7
23
21
12
24
23
16
20
19
18
15
23
14
8
13
17
13
13
20
26
21
24
15
20
16
15
21
18
16
29
11
18
18
12
21
18
18
19
23
14
18
14
19
17
13
16
19
14
23
19
21
13
18
16
14
21
14
18
18
23
19
19
19
16
19
26
19
17
24
16
11
23
15
29
29
21
22
18
26
22
14
23
20
26
21
13
20
13
19
27
15
17
14
19
19
24
31
19
28
28
22
19
29
20
26
26
24
23
23
20
31
24
22
20
23
22
27
34
25
31
28
25
33
25
24
26
28
24
38
22
36
26
21
20
27
28
35
30
28
24
33
34
35
33
34
32
38
26
34
37
40
36
41
29
34
40
44
31
38
51
39
44
41
49
50
57
45
37
41
44
43
46
46
48
49
55
39
55
44
46
56
48
49
52
44
51
58
52
61
53
59
67
70
67
67
68
75
72
55
80
81
55
79
65
77
78
84
66
84
66
85
82
88
77
80
98
99
89
95
90
94
80
107
76
90
88
109
98
102
115
96
104
116
118
117
110
106
122
142
112
128
108
130
115
124
139
126
127
150
151
144
140
165
165
164
162
182
172
161
165
161
184
160
168
183
189
187
206
157
187
155
191
199
189
208
203
220
209
223
172
193
218
221
214
237
235
222
219
227
239
247
245
228
240
238
251
274
238
301
244
281
249
290
289
248
284
294
288
308
299
308
277
303
285
291
310
325
322
361
337
321
332
369
323
342
330
336
339
363
350
353
371
381
354
343
345
358
372
382
379
366
356
399
363
376
381
358
376
382
382
369
368
407
375
408
369
387
386
364
403
391
422
393
399
408
402
372
399
410
398
416
393
407
417
394
385
381
396
397
392
413
389
370
382
422
370
366
392
364
393
405
406
424
376
408
383
340
352
390
386
379
336
334
361
367
355
360
354
372
354
319
339
320
320
305
328
307
322
351
338
335
325
311
297
300
297
294
289
291
291
286
295
297
293
266
255
291
280
287
261
280
264
248
248
246
228
235
209
200
265
218
215
239
209
179
201
214
229
191
188
194
199
167
188
174
175
172
176
175
151
169
149
155
145
154
132
144
127
140
140
136
134
120
106
127
115
117
120
111
125
104
95
113
96
86
87
102
89
87
89
75
73
74
68
82
63
75
57
76
64
62
63
55
71
61
57
53
55
58
55
59
57
57
41
46
39
43
36
38
35
34
29
36
31
34
39
32
33
25
29
30
31
33
30
34
20
22
17
34
18
23
13
23
22
18
22
15
16
13
17
20
19
16
15
20
18
8
13
15
19
11
7
14
14
4
11
10
12
9
13
11
10
8
9
7
10
9
11
11
9
6
6
8
11
4
4
6
3
4
7
4
4
3
3
5
4
1
3
1
2
4
1
2
6
2
3
3
1
3
1
2
4
3
1
4
3
4
1
2
0
2
7
0
1
2
1
0
1
1
3
0
4
2
3
2
2
3
2
1
3
1
2
1
3
1
3
2
3
4
1
1
0
1
1
1
5
1
1
1
3
0
1
1
1
3
3
3
2
1
0
0
0
1
1
1
2
0
2
1
2
1
3
1
3
2
2
1
0
1
0
5
0
1
2
3
0
1
2
0
2
1
2
1
1
1
1
2
0
3
1
1
0
1
2
0
3
1
1
4
1
0
2
1
2
0
3
1
1
2
1
1
0
1
3
0
1
1
1
1
0
0
3
0
1
1
0
0
0
0
0
2
0
0
1
1
0
0
0
3
3
1
1
2
0
2
2
1
2
1
1
1
3
2
0
2
1
2
0
0
0
0
1
1
2
2
0
1
1
0
2
2
1
0
1
1
3
2
3
2
2
0
1
1
0
0
0
0
0
2
0
1
0
3
2
3
0
2
0
0
1
0
1
2
1
0
2
2
0
0
3
2
1
0
2
0
1
2
1
2
0
0
2
0
2
1
2
0
0
2
3
0
1
2
2
0
1
1
1
0
2
0
2
1
0
1
1
0
1
2
1
0
1
1
2
0
1
1
0
1
1
1
0
0
0
1
2
0
2
2
0
2
0
1
1
1
0
0
0
1
2
2
1
2
0
1
0
1
0
1
0
0
1
0
0
0
0
1
1
1
1
0
0
3
0
1
1
0
0
1
2
2
0
0
0
3
2
3
1
2
0
1
1
0
1
0
1
1
1
3
2
0
0
0
0
1
0
2
0
0
1
0
4
1
3
0
2
2
0
0
0
0
0
0
0
0
1
2
1
0
0
2
0
1
2
1
0
1
0
1
1
1
0
0
0
1
1
4
2
0
0
0
1
1
0
1
0
2
3
2
0
0
0
0
0
1
1
2
0
2
0
1
0
0
2
0
1
3
1
4
0
1
0
0
0
0
1
2
2
0
2
1
1
0
0
1
0
0
0
0
0
0
0
1
0
0
0
0
0
1
1
0
1
2
1
0
2
0
2
0
1
0
0
0
1
0
0
0
4
0
1
1
1
0
1
0
2
0
0
0
3
1
1
0
1
0
3
1
0
0
0
0
1
1
2
0
0
4
1
1
2
1
1
0
0
1
1
0
0
0
1
1
1
1
1
0
1
1
1
0
1
0
1
0
0
2
0
0
0
1
0
0
0
0
0
0
0
1
1
0
1
0
1
1
0
0
1
3
1
0
1
0
1
0
0
2
1
0
1
0
0
0
1
1
0
0
0
0
0
1
1
1
1
0
1
0
2
0
0
1
1
0
1
0
1
1
1
0
2
0
1
2
1
0
0
0
1
1
1
1
0
1
0
0
0
0
1
1
0
2
2
1
0
2
0
0
1
1
0
0
1
1
0
1
1
0
0
2
0
0
0
1
0
2
0
1
0
1
2
0
2
0
0
0
1
0
1
0
0
2
1
0
0
0
3
1
0
0
0
0
1
0
0
1
0
0
2
1
0
1
0
1
0
0
0
0
0
0
1
0
1
1
0
1
0
1
1
2
0
0
0
0
0
0
0
0
0
0
1
0
0
0
0
0
0
0
0
1
1
0
0
0
2
2
0
0
0
0
2
0
0
1
2
2
0
0
0
0
0
2
2
0
0
2
0
0
0
1
1
0
0
0
0
1
0
0
0
1
2
0
1
0
0
1
1
1
1
1
1
1
2
0
1
1
0
0
1
1
0
1
0
0
1
0
0
0
0
0
1
1
0
2
0
1
0
0
2
2
1
0
0
0
2
1
1
0
0
3
0
1
1
1
0
0
0
0
0
2
0
0
0
0
2
0
1
0
0
0
0
1
1
0
0
3
0
0
0
2
0
2
0
0
0
0
0
1
0
1
1
0
0
0
2
1
0
0
0
0
0
0
1
1
0
0
0
1
2
0
0
0
0
0
0
0
0
2
0
0
0
0
2
0
0
1
0
0
0
0
1
1
0
0
0
0
0
0
0
0
0
0
1
1
0
0
1
0
0
1
0
0
0
0
1
1
0
0
0
0
1
0
0
1
0
0
1
2
1
1
1
0
0
0
0
0
1
1
1
1
3
1
1
1
0
1
1
0
2
1
0
2
0
1
0
0
1
1
0
0
0
2
0
1
0
1
0
0
0
0
0
0
0
1
0
0
0
0
0
1
1
1
0
0
0
0
0
0
0
1
0
0
0
0
2
2
0
1
1
0
0
0
0
1
1
2
1
0
0
0
0
1
0
0
0
1
0
0
0
1
3
1
0
1
0
1
0
0
0
1
0
0
2
2
0
0
0
0
0
1
0
0
0
0
0
0
0
0
0
1
1
0
0
0
1
0
0
0
0
1
0
1
0
1
0
0
0
0
1
0
1
0
1
0
0
2
1
0
0
0
0
0
0
0
0
0
0
1
0
0
0
0
0
1
1
0
0
1
0
0
0
1
0
0
1
1
1
0
0
1
0
1
0
1
0
1
0
1
0
0
0
1
0
1
0
1
0
1
0
1
0
0
2
2
0
0
1
0
0
0
0
0
0
0
0
0
0
0
1
0
0
0
2
1
0
1
1
0
1
1
0
0
1
1
1
0
0
0
0
0
1
0
0
0
0
1
1
1
1
0
0
1
1
0
1
0
0
1
0
0
0
1
0
1
0
0
0
1
0
0
0
0
1
0
0
0
0
0
2
0
0
0
0
0
0
2
1
1
0
1
1
0
1
0
0
0
1
0
0
0
0
1
1
0
1
0
0
0
1
0
0
1
1
1
0
2
0
0
0
1
0
0
0
1
0
2
0
1
0
0
1
0
0
1
1
0
0
0
0
1
1
1
0
0
0
2
0
2
0
1
0
0
0
0
0
0
0
1
0
1
0
0
0
2
0
1
0
0
0
1
0
0
0
0
0
0
0
1
0
0
0
0
0
0
1
0
0
0
0
0
1
0
1
0
2
1
0
1
0
2
0
1
0
0
0
0
0
0
0
1
0
0
0
0
0
0
0
2
0
0
0
1
1
0
0
0
1
0
1
1
2
0
0
0
2
0
1
0
0
0
0
0
0
0
0
0
2
0
0
1
0
0
0
0
0
1
1
0
2
0
0
0
0
0
0
1
1
0
0
0
1
0
0
1
0
2
0
0
0
1
1
1
0
1
0
2
0
0
2
0
1
1
1
0
0
2
0
1
0
0
0
0
0
0
0
1
0
0
0
0
0
0
0
0
0
1
0
0
0
0
0
1
0
0
0
0
0
0
0
1
0
2
0
0
0
0
1
0
1
1
0
0
0
0
0
0
0
0
0
0
0
0
0
0
0
1
0
0
0
1
0
0
0
0
0
1
0
3
0
1
0
0
0
1
0
0
1
0
0
0
0
0
0
0
1
0
2
0
0
0
0
0
1
0
0
0
0
0
1
1
0
0
1
0
0
1
0
2
0
0
0
0
0
1
0
0
0
0
0
1
0
0
0
1
0
0
0
0
0
0
0
0
0
1
0
0
0
0
1
0
0
0
0
0
1
0
0
0
0
0
2
1
1
0
1
1
0
0
0
0
0
0
0
0
0
0
0
2
0
0
0
0
0
0
1
0
0
0
1
0
0
0
1
0
0
1
0
0
0
0
1
0
0
1
0
0
0
0
0
1
1
0
1
0
0
0
1
1
0
0
1
0
0
0
1
0
0
1
0
0
0
1
0
1
0
0
0
1
0
0
0
1
0
0
1
0
0
1
1
0
0
0
0
0
1
0
0
0
0
0
0
0
1
0
1
0
0
0
0
1
0
0
0
0
0
0
0
0
0
0
0
0
0
0
1
0
0
0
0
0
0
1
0
0
0
0
0
0
0
0
1
0
0
0
0
1
1
0
0
0
0
1
0
2
1
1
0
0
0
1
0
0
0
0
0
1
0
0
1
0
0
0
1
1
1
0
0
0
0
2
0
0
0
1
2
0
0
0
0
0
1
0
0
0
0
0
0
0
0
0
0
0
0
1
1
0
0
0
0
0
0
0
1
0
0
1
0
0
0
0
1
0
0
0
1
0
0
0
0
0
0
0
0
1
1
0
0
0
0
0
0
0
0
0
1
1
0
0
0
0
0
1
0
0
1
0
0
0
0
0
0
0
0
0
0
0
0
1
0
0
0
0
0
0
0
0
0
1
0
0
0
0
0
0
0
1
0
1
0
0
0
0
0
0
0
0
0
0
0
0
1
0
0
0
0
0
0
0
0
0
0
0
0
0
0
0
1
0
0
0
0
0
0
0
0
1
0
0
1
0
0
0
0
0
1
0
0
0
0
0
0
1
0
0
0
0
0
0
0
0
0
0
0
1
0
0
0
0
1
0
0
0
0
0
0
0
0
1
2
0
0
0
1
0
0
0
0
0
1
0
0
0
0
0
0
0
1
0
0
0
0
1
0
0
0
0
0
0
0
0
0
0
0
0
0
0
0
1
0
0
0
0
1
0
0
1
0
0
0
1
0
0
0
0
0
1
0
0
0
0
0
0
0
0
0
0
0
0
0
2
0
0
0
1
0
0
0
0
0
0
0
0
0
0
0
1
0
0
0
0
1
0
0
0
0
1
1
0
0
0
0
1
0
0
0
1
0
0
0
1
0
1
0
0
1
0
0
0
0
0
1
0
0
0
0
0
0
0
0
0
0
0
0
0
1
0
0
1
0
1
0
0
2
0
0
0
0
0
2
0
0
0
0
0
0
0
1
0
0
0
0
0
1
0
0
1
0
0
1
1
0
0
0
0
1
1
1
0
0
0
0
0
0
0
0
1
0
0
0
0
1
0
0
0
0
0
0
0
0
0
0
0
0
0
1
1
0
0
0
1
1
0
1
0
0
0
0
1
0
0
1
1
1
0
0
0
0
0
0
0
1
0
1
0
0
0
0
0
0
0
0
0
1
0
0
0
1
0
0
1
1
1
0
0
0
1
1
1
0
0
0
2
1
0
0
0
0
0
0
0
0
0
0
0
0
0
0
0
2
0
1
1
0
1
0
0
0
0
0
0
0
1
0
0
0
0
0
0
0
1
0
0
0
0
0
0
1
0
2
0
0
0
0
0
0
0
0
0
0
1
0
0
0
0
1
1
0
0
0
0
0
1
0
0
0
1
0
0
0
0
0
0
0
0
0
0
0
0
0
0
1
0
0
0
1
0
0
0
1
0
0
1
0
0
0
0
0
0
0
0
0
0
0
0
0
1
0
0
0
0
0
0
0
0
0
0
1
0
0
0
0
0
0
0
0
0
0
0
0
0
1
1
0
0
0
0
1
0
0
0
0
0
0
0
0
0
0
0
0
0
0
0
0
0
0
0
0
0
0
0
0
0
0
0
0
1
1
1
0
0
0
0
0
0
0
0
0
0
0
0
0
0
0
0
0
1
0
1
0
0
0
0
2
0
0
1
0
0
0
1
0
0
1
0
0
0
0
0
1
0
0
0
0
0
0
1
0
0
0
0
0
0
1
0
1
1
0
0
1
0
0
0
0
0
0
0
0
0
0
0
0
0
0
0
0
0
0
0
0
0
0
0
0
2
0
1
0
0
0
1
0
0
0
2
0
1
0
0
0
0
0
1
0
1
0
0
0
0
0
1
0
0
0
0
0
0
0
0
0
0
0
0
0
0
0
2
0
0
0
0
0
0
0
0
0
0
0
1
0
0
0
1
0
0
0
0
0
1
0
0
0
1
0
0
0
0
0
0
0
0
1
0
0
0
1
0
0
1
1
0
0
0
0
1
0
0
0
0
1
0
0
0
0
0
0
0
0
1
0
0
1
0
0
0
0
0
0
0
0
0
0
0
0
1
0
0
0
0
0
0
0
0
1
0
1
0
0
0
1
2
1
0
0
0
0
0
0
0
0
1
0
0
0
0
1
1
1
0
1
0
0
0
0
0
0
0
0
0
0
0
0
0
0
0
0
0
0
0
0
0
0
0
0
0
0
0
0
0
0
0
1
0
0
0
0
0
0
0
1
0
0
0
0
2
0
0
1
0
0
0
0
0
0
0
0
0
1
0
0
0
0
0
0
0
0
0
0
0
0
0
0
0
0
0
0
0
0
0
0
0
0
0
0
0
0
0
0
0
0
0
0
0
1
0
0
0
0
0
0
0
0
0
0
0
0
0
0
1
0
0
0
0
0
0
1
0
0
0
0
0
0
0
0
0
0
0
0
0
1
0
2
0
0
0
0
0
0
0
0
0
0
0
0
0
0
0
0
0
0
0
0
0
0
0
0
0
0
0
0
0
0
0
0
0
0
0
0
0
0
0
0
0
0
0
0
0
0
0
0
0
0
0
0
0
0
0
0
0
0
0
0
0
0
0
0
0
1
0
1
0
0
0
0
0
0
0
0
0
0
0
0
0
0
0
0
0
0
0
0
0
1
0
0
0
0
0
0
0
0
0
0
0
0
0
0
0
0
0
0
0
0
0
0
0
0
0
0
0
0
0
0
0
0
0
0
0
0
0
0
0
0
0
0
0
0
0
0
1
0
0
0
0
0
0
0
0
0
0
0
0
0
0
1
0
0
0
0
0
1
0
0
0
0
0
0
0
0
0
0
0
0
0
0
1
0
0
0
0
0
0
0
0
1
0
0
0
0
0
0
0
0
1
0
0
0
0
0
0
0
0
0
0
0
0
0
0
0
0
0
0
0
0
0
0
0
0
0
0
0
0
0
0
0
0
0
0
0
0
0
0
0
0
0
0
0
0
0
0
0
0
0
0
0
0
0
0
0
0
0
0
0
0
0
0
0
0
0
0
0
0
0
0
0
0
0
0
0
0
0
0
0
0
0
0
1
0
0
0
0
0
0
0
0
0
0
0
0
0
0
0
0
0
0
0
0
0
0
0
0
0
0
0
0
0
0
0
0
0
0
0
0
0
0
0
0
0
0
0
0
0
0
1
0
0
0
0
0
0
0
0
0
0
0
0
0
0
0
0
0
0
0
0
0
0
0
0
0
0
0
0
0
0
0
0
0
0
0
0
0
0
0
0
0
0
0
0
0
0
0
0
0
0
0
0
0
0
0
0
0
0
0
0
0
0
0
0
0
0
0
0
0
0
0
0
0
0
0
0
0
0
1
0
0
0
0
0
0
0
0
0
0
0
0
0
0
0
0
0
0
0
0
0
0
0
0
0
0
0
0
0
0
0
0
0
0
1
0
0
0
0
0
0
0
0
0
0
0
0
0
0
0
0
0
0
0
0
0
0
0
0
0
0
0
0
0
0
0
0
0
0
0
0
0
0
0
0
0
0
0
0
0
0
0
0
0
0
0
0
0
0
0
0
0
0
0
0
0
0
0
0
0
0
0
0
0
0
0
0
0
0
0
0
0
0
0
0
0
0
0
0
0
0
0
0
0
0
0
0
0
0
0
0
0
0
0
0
0
0
0
0
0
0
0
0
0
0
0
0
0
0
0
0
0
0
0
0
0
0
0
0
1
0
1
0
0
0
0
0
0
0
0
1
0
0
0
0
0
0
0
0
0
0
0
0
0
0
0
0
0
0
0
0
1
0
0
0
0
0
0
0
0
0
0
0
0
0
0
0
0
0
0
0
0
1
0
0
0
0
1
0
0
0
0
0
0
0
0
0
0
0
0
0
0
0
0
0
0
0
0
0
0
0
0
0
0
0
0
0
0
0
1
0
0
0
0
0
0
0
0
0
0
0
0
0
0
0
0
0
0
0
0
0
1
0
0
0
0
0
0
0
0
0
0
0
0
0
0
0
0
0
1
0
0
0
0
0
0
0
0
0
0
0
0
0
0
0
0
0
0
0
0
0
0
0
0
0
0
0
0
0
0
0
0
0
0
0
0
0
0
0
0
1
0
1
0
0
0
0
0
0
0
0
0
0
0
0
0
0
0
0
0
0
0
0
0
0
0
0
0
0
0
0
0
0
0
0
1
1
0
0
0
0
0
0
0
0
0
0
0
0
0
0
0
0
0
0
0
0
0
0
0
0
0
0
0
0
0
0
0
0
0
0
0
0
0
0
0
0
0
0
0
0
0
0
0
0
0
0
0
0
0
0
0
0
0
0
0
0
0
0
0
0
0
0
0
0
0
0
0
0
1
0
0
0
0
0
0
0
0
0
0
0
0
0
0
0
0
0
1
1
0
0
0
0
0
0
0
0
0
0
0
0
0
0
0
0
0
0
0
0
0
0
1
0
0
0
0
0
0
0
0
0
0
1
0
0
0
0
0
0
0
0
0
0
0
0
0
0
0
0
0
0
0
0
0
0
0
0
0
0
0
0
0
0
0
0
0
0
0
0
0
0
0
0
0
0
1
0
0
0
0
0
0
0
0
0
0
0
0
0
0
0
1
0
0
0
0
0
0
0
0
0
0
0
0
0
0
0
0
0
0
0
0
0
0
0
0
0
0
0
0
0
0
0
0
0
0
0
0
0
0
0
0
0
0
0
0
0
0
0
0
0
0
0
0
0
0
0
0
0
0
0
0
0
1
0
0
0
0
0
0
0
0
0
0
0
0
0
0
0
0
0
0
0
0
0
0
0
0
0
0
0
0
0
0
0
0
0
0
0
0
0
0
0
1
0
0
0
0
0
0
0
0
0
0
1
0
0
0
0
0
0
1
0
0
0
0
0
0
0
0
0
0
0
0
0
0
0
0
0
0
0
0
0
0
0
0
0
0
0
0
0
0
0
0
0
0
0
0
0
0
0
0
0
0
0
0
0
0
0
0
0
0
0
0
0
0
0
0
0
0
0
0
0
0
0
0
0
0
0
0
0
0
0
0
0
1
0
0
0
0
0
0
0
0
0
0
0
0
0
0
0
0
0
0
0
0
0
0
0
0
0
0
0
0
0
0
0
0
0
0
0
0
0
0
0
0
0
1
0
0
0
0
0
0
0
0
0
0
0
0
0
0
0
0
0
0
0
0
0
0
0
0
0
0
0
0
0
0
0
1
0
0
0
0
0
0
0
0
0
0
0
0
0
0
0
0
0
0
0
0
0
0
0
0
0
0
0
0
0
0
0
0
0
0
0
0
0
0
0
0
0
0
0
0
0
0
0
0
0
0
0
0
0
0
0
0
0
1
0
0
0
0
0
0
0
0
0
0
0
0
0
0
0
0
0
0
0
0
0
0
0
0
0
1
0
0
0
1
0
0
1
0
0
0
0
0
0
0
0
0
0
0
0
0
0
0
0
0
0
0
0
0
0
0
0
0
0
0
0
0
0
0
0
0
0
0
0
0
0
0
0
0
0
0
0
0
0
0
0
0
0
0
0
0
0
0
0
0
0
0
0
0
0
0
0
0
0
0
0
0
0
0
0
0
0
0
0
0
0
0
0
0
0
0
0
0
0
1
0
0
0
0
0
0
0
0
0
0
0
0
0
0
0
0
0
0
0
0
0
0
0
0
0
0
0
1
0
0
0
0
0
0
0
0
0
0
0
0
0
0
0
0
0
0
1
0
0
0
0
0
0
0
0
0
0
0
0
0
0
0
0
0
0
1
0
0
0
0
0
0
0
0
0
0
0
0
0
0
0
0
0
1
0
0
0
0
0
0
0
0
0
0
0
0
0
0
0
0
0
0
0
0
0
0
0
0
0
0
0
0
0
0
0
0
0
0
0
0
0
0
0
0
0
0
0
0
0
0
0
0
0
0
0
0
0
0
0
0
0
0
0
0
0
0
0
0
0
0
0
0
0
0
0
0
0
0
0
0
0
0
0
0
0
0
0
0
0
0
0
0
0
0
0
0
0
0
0
0
0
0
0
0
0
0
0
0
0
0
0
0
0
0
0
0
0
0
0
0
0
0
0
0
0
0
0
0
0
0
0
0
0
0
0
0
0
0
0
0
0
0
0
0
0
0
0
0
0
0
0
0
0
0
0
0
0
0
0
0
0
0
0
0
0
0
0
0
0
0
0
0
0
0
0
0
0
0
0
0
0
0
0
0
0
0
0
0
0
0
0
0
0
0
0
0
0
0
0
0
0
0
0
0
0
0
0
0
0
0
0
0
0
1
0
0
0
0
0
0
0
0
0
0
0
0
0
0
0
0
0
0
0
0
0
0
0
0
0
0
0
0
0
0
0
0
0
0
0
0
0
0
0
0
0
0
0
0
0
0
0
0
0
0
0
0
0
0
0
0
0
0
0
0
0
0
0
0
0
0
0
0
0
0
0
0
0
0
0
0
0
0
0
0
0
1
0
0
0
0
0
0
0
0
0
1
0
0
0
0
0
0
0
1
0
0
0
0
0
0
0
0
0
0
0
0
0
0
0
0
0
0
0
0
0
0
0
0
0
0
0
0
0
0
0
0
0
0
0
0
0
0
0
0
0
0
1
0
0
0
0
0
0
0
0
0
0
0
0
0
0
0
0
0
0
0
0
0
0
0
0
0
0
0
0
0
0
0
0
0
0
0
0
0
0
0
0
0
0
0
0
0
0
0
0
0
0
0
0
0
0
0
0
0
0
0
0
0
0
0
0
0
0
0
0
0
0
0
0
0
0
0
0
0
0
0
0
0
0
0
0
0
0
0
0
0
0
0
0
0
0
0
0
0
0
0
0
0
0
0
0
0
0
0
0
0
0
0
0
0
0
0
0
0
0
0
0
0
0
0
0
0
0
0
0
0
0
0
0
0
0
0
0
0
0
0
0
0
0
0
0
0
1
0
0
0
0
0
0
0
0
0
0
0
0
0
0
0
1
0
0
0
0
0
0
0
0
0
0
0
0
0
0
0
0
0
0
0
0
0
0
0
0
0
0
0
0
0
0
0
0
0
0
0
0
0
0
0
0
0
0
0
0
0
0
0
0
0
0
0
0
0
1
0
0
0
1
0
1
0
0
0
0
0
0
0
0
0
1
0
0
0
0
0
0
0
0
0
0
0
0
0
0
0
0
0
0
0
0
0
0
0
0
0
0
0
0
0
0
0
0
0
0
0
0
0
0
0
0
0
0
0
0
0
0
0
0
0
0
0
0
0
0
0
0
0
0
0
0
0
0
0
0
0
0
0
0
0
0
0
0
0
1
0
0
0
1
0
0
0
0
0
0
0
0
0
0
0
0
0
0
0
0
0
0
0
0
0
0
0
0
0
0
0
0
0
0
0
0
0
0
0
0
0
0
0
0
0
0
0
0
0
0
0
0
0
0
0
0
0
0
0
0
0
0
0
0
0
0
0
0
0
0
0
0
0
0
0
0
0
0
0
0
0
0
0
0
0
0
0
0
0
0
0
0
0
0
0
0
0
0
0
0
0
0
0
0
0
0
0
0
0
0
0
0
0
0
0
0
0
0
0
0
0
1
0
0
0
0
0
0
0
0
0
0
0
1
0
0
0
0
0
0
0
0
0
0
0
0
0
0
0
0
0
0
0
0
0
0
0
0
0
0
0
0
0
0
0
0
0
0
0
0
0
0
0
0
0
0
0
0
0
0
0
0
0
0
0
0
0
0
0
0
0
1
0
0
0
0
0
0
0
0
0
0
0
0
0
0
0
0
0
0
0
0
0
0
0
0
0
0
0
0
0
0
0
0
0
0
0
0
0
0
0
0
0
0
0
0
0
0
0
0
0
0
0
0
0
0
0
0
0
0
0
0
0
0
0
0
0
0
0
0
0
0
0
0
0
0
0
0
0
0
0
0
0
0
0
0
0
0
0
0
0
0
0
0
0
0
0
0
0
0
0
0
0
0
0
0
0
0
0
0
0
0
0
1
0
0
0
0
0
0
0
0
0
0
0
0
0
0
0
0
0
0
0
0
0
0
0
0
0
0
0
0
0
0
0
0
0
0
0
0
0
0
0
0
0
0
0
0
0
0
0
0
0
0
0
0
0
0
1
1
0
0
0
0
0
0
0
0
0
0
0
0
0
0
0
0
0
0
0
0
0
0
0
0
0
0
0
0
0
0
0
0
0
0
0
0
0
0
0
0
0
0
0
0
0
0
0
0
0
0
0
0
0
0
0
0
0
0
0
0
0
0
1
0
0
0
0
0
0
0
0
0
0
0
0
0
0
0
0
0
0
0
0
0
0
0
0
0
0
0
0
0
0
0
0
0
0
0
0
0
0
0
0
0
1
0
0
1
0
0
0
0
0
0
0
0
0
0
0
0
2
0
0
0
1
0
2
0
0
0
0
1
1
0
0
0
1
0
0
0
1
1
0
1
1
0
0
0
0
1
1
2
0
0
0
0
0
1
1
0
1
1
0
1
1
0
0
0
0
0
0
0
0
1
0
2
0
0
0
1
1
0
0
0
1
0
1
0
0
0
1
0
1
0
0
0
1
1
0
0
3
0
0
0
1
1
0
2
1
0
3
0
0
0
1
0
1
1
0
1
1
0
1
0
1
0
1
0
0
0
1
0
0
1
1
1
0
0
1
0
0
0
0
1
0
0
0
