0
0
0
0
0
0
0
0
0
0
0
0
0
0
0
0
0
0
0
0
0
0
0
0
0
0
0
0
0
0
0
0
0
0
0
0
0
0
0
0
0
0
0
0
0
0
0
0
0
0
0
0
0
0
0
0
0
0
0
0
0
0
0
0
0
0
0
0
0
0
0
0
0
0
0
0
0
0
0
1
0
0
1
0
1
5
8
5
9
5
12
20
33
37
107
479
1459
2418
2534
2797
2811
2876
2888
2914
2805
2857
2759
2739
2659
2565
2486
2443
2210
2155
2175
1986
1960
1940
1984
2008
1987
2001
2079
2150
2194
2192
2212
2228
2322
2367
2484
2473
2487
2568
2629
2745
2677
2735
2958
2953
3015
2926
2977
2954
2960
3023
3097
3051
3082
3077
3017
3068
2969
3013
2996
2972
3002
2989
2947
2944
2953
2853
2857
2882
2761
2647
2776
2794
2752
2792
2678
2707
2693
2650
2811
2697
2702
2595
2698
2688
2693
2723
2651
2616
2615
2590
2639
2583
2545
2540
2565
2528
2540
2542
2578
2610
2519
2549
2520
2512
2532
2510
2413
2470
2607
2552
2523
2444
2460
2527
2541
2441
2433
2406
2343
2456
2406
2514
2503
2412
2503
2394
2241
2429
2433
2432
2380
2453
2411
2323
2394
2368
2340
2293
2271
2410
2301
2180
2257
2351
2337
2259
2271
2295
2285
2284
2308
2260
2216
2349
2288
2265
2223
2268
2253
2204
2243
2199
2203
2188
2139
2166
2128
2326
2143
2145
2166
2182
2153
2135
2266
2157
2162
2175
2094
2049
2177
2216
2139
2186
2137
2188
2132
2213
2167
2097
2112
2179
2102
2132
2054
2155
2196
2121
2075
2090
2125
2126
2118
2061
2114
2109
2067
2118
2131
2112
2120
2046
2134
2097
2193
2072
2097
2082
2034
2149
2036
2092
2068
2083
2085
2088
2073
2115
2026
2098
2108
2042
2159
2114
2013
2044
2038
1998
2040
2142
2062
2140
2065
2046
2011
2006
2071
2069
2125
2054
2081
2132
2108
2030
2070
2024
2090
2092
2001
2075
2129
2091
2083
2013
2035
2070
2027
2085
2073
2036
2058
2020
2030
1992
2050
2035
2049
2006
2139
2143
2058
2122
2110
2153
2070
2080
2072
2030
2051
2063
2099
2062
2070
2138
2091
2077
2105
2040
2042
2046
2064
2046
2083
1979
2014
2156
2030
2003
2074
2016
2011
2085
2074
2115
2011
1989
2066
2045
1996
2070
2073
1962
2058
2002
2045
2036
2009
2031
2086
2109
2078
1974
2058
2035
1983
2080
2071
1992
2041
2001
2060
1987
2048
2075
2066
2088
2161
2048
2061
2090
2081
2091
2102
2059
2070
2122
2064
2063
2064
2077
2094
2025
2148
2014
2125
2049
1988
2049
2119
2020
2019
2097
2086
2079
2129
2069
2101
2061
2102
2127
2111
2098
2027
2144
2108
2025
2071
2007
2071
2096
2092
2028
2097
2135
2106
2132
2093
2105
2138
2131
2090
2155
2157
2198
2079
2118
2174
2183
2083
2098
2129
2138
2139
2116
2207
2125
2146
2086
2142
2107
2100
2049
2107
2156
2131
2229
2086
2145
2124
2145
2220
2229
2151
2146
2218
2130
2138
2127
2073
2314
2175
2272
2178
2177
2165
2126
2233
2144
2157
2157
2267
2174
2173
2191
2149
2177
2098
2154
2189
2150
2118
2158
2194
2180
2181
2230
2108
2269
2179
2203
2113
2205
2195
2258
2245
2287
2173
2292
2222
2183
2281
2193
2241
2170
2208
2258
2215
2286
2339
2238
2284
2205
2274
2231
2289
2288
2252
2234
2344
2329
2276
2251
2392
2243
2244
2320
2352
2284
2326
2307
2318
2383
2292
2395
2347
2363
2315
2344
2478
2361
2396
2305
2339
2407
2381
2383
2395
2394
2427
2450
2516
2401
2406
2502
2419
2375
2450
2445
2433
2476
2441
2535
2498
2536
2464
2500
2386
2526
2535
2587
2534
2414
2569
2576
2474
2525
2489
2539
2552
2608
2599
2631
2568
2507
2503
2526
2563
2502
2497
2579
2532
2509
2603
2504
2579
2631
2490
2527
2499
2624
2573
2650
2553
2671
2565
2594
2668
2629
2553
2633
2552
2519
2541
2552
2555
2548
2646
2610
2513
2608
2457
2608
2558
2571
2628
2636
2467
2585
2622
2581
2580
2600
2504
2533
2475
2422
2520
2442
2453
2497
2431
2467
2376
2453
2349
2308
2286
2361
2352
2374
2295
2263
2366
2245
2265
2224
2272
2217
2132
2230
2113
2150
2152
2194
2068
2026
2151
2089
2030
2077
2070
1926
1994
2032
1933
1945
1922
1950
1961
1928
1933
1837
1933
1851
1805
1852
1848
1859
1894
1849
1832
1838
1759
1890
1841
1729
1839
1779
1686
1722
1780
1789
1723
1747
1757
1739
1680
1735
1641
1697
1722
1667
1724
1626
1678
1685
1699
1670
1620
1592
1711
1655
1702
1603
1630
1708
1723
1644
1672
1680
1724
1567
1638
1553
1621
1612
1587
1671
1575
1562
1545
1510
1571
1598
1583
1520
1560
1638
1617
1467
1553
1510
1553
1518
1483
1518
1493
1563
1544
1473
1483
1549
1469
1408
1520
1467
1495
1484
1574
1516
1491
1493
1474
1503
1507
1501
1567
1547
1507
1472
1442
1533
1551
1512
1575
1575
1625
1586
1690
1703
1706
1770
1770
1893
1866
1945
1941
2023
2004
2189
2258
2270
2322
2442
2433
2558
2662
2783
2792
3030
2926
3177
3201
3245
3275
3477
3545
3736
3894
4041
3925
4262
4377
4496
4507
4725
4860
4914
5084
5224
5339
5327
5551
5535
5662
5746
5727
5910
5853
5815
5953
5957
5961
6082
6127
6004
5942
5928
5947
5840
5874
5718
5806
5684
5619
5510
5229
5163
5129
5014
4855
4661
4716
4519
4344
4308
4136
3877
3801
3688
3497
3391
3117
3067
3066
2829
2773
2588
2399
2387
2161
2088
2018
1926
1768
1680
1588
1546
1490
1414
1348
1295
1216
1157
1139
1061
1084
1032
980
971
946
949
964
891
859
896
864
896
905
941
913
969
970
1005
1047
1004
1071
1076
1139
1181
1230
1259
1390
1396
1472
1441
1590
1608
1594
1736
1828
1921
2070
2023
2091
2167
2369
2354
2578
2569
2664
2744
2796
3054
3054
3192
3235
3281
3464
3489
3653
3821
3828
3988
4019
4108
4272
4211
4280
4474
4391
4550
4516
4658
4588
4688
4697
4872
4886
4953
4773
4855
4879
4736
4787
4734
4694
4736
4621
4481
4584
4313
4537
4222
4340
4195
4018
3979
3889
3822
3687
3635
3436
3345
3289
3118
3000
3008
2809
2670
2596
2534
2417
2277
2123
2046
1921
1795
1705
1684
1562
1440
1405
1271
1249
1168
1074
1058
955
916
849
739
745
723
650
600
580
497
471
466
444
405
368
367
376
298
303
261
223
260
213
222
182
168
180
161
157
155
149
145
129
129
140
132
120
99
101
115
124
103
106
87
76
85
84
114
77
86
99
92
66
85
83
77
79
78
69
65
70
68
80
69
50
56
67
69
60
62
69
54
54
51
62
61
68
62
55
65
67
61
65
53
49
65
67
56
56
46
56
59
63
40
52
51
54
52
49
41
42
53
52
56
39
42
62
42
48
38
42
40
43
42
50
47
39
50
35
31
45
35
43
38
32
36
36
34
43
43
36
35
37
40
30
39
35
32
35
28
36
35
43
42
30
36
49
35
32
17
25
36
31
35
19
31
22
33
32
24
27
29
21
27
26
25
26
35
25
19
25
23
32
28
30
30
23
25
16
38
22
26
29
25
25
32
26
30
23
25
24
24
23
37
25
23
29
30
17
29
30
22
23
29
31
24
22
28
24
18
22
22
19
33
32
31
17
25
23
16
24
19
28
17
32
20
19
16
21
19
26
15
24
17
28
27
10
21
17
26
20
22
23
16
19
17
16
30
23
22
34
25
30
22
19
31
15
19
19
19
18
18
23
18
27
19
13
20
18
19
21
13
18
13
24
24
17
24
31
22
17
14
24
23
14
18
20
21
19
13
22
15
28
16
16
18
21
14
22
20
19
16
16
12
13
21
8
22
11
27
19
20
18
20
20
16
20
19
14
22
18
24
12
25
17
23
25
19
9
24
22
21
17
19
15
18
20
8
19
19
19
23
22
16
16
18
16
23
25
16
22
15
19
20
14
11
22
8
20
15
7
20
17
14
17
11
14
14
22
12
16
11
11
19
15
18
13
13
12
21
18
22
27
18
16
17
17
14
23
16
20
16
9
18
14
18
19
13
16
10
10
18
12
15
10
13
12
18
6
12
18
20
13
17
11
12
13
21
10
15
22
10
18
17
16
22
14
9
13
17
15
12
10
14
14
15
8
18
11
17
15
6
17
13
10
15
17
6
10
9
12
22
14
11
13
11
16
12
10
14
10
18
12
16
9
14
10
11
14
11
10
10
9
14
13
10
14
10
10
8
19
10
13
13
9
17
9
10
7
14
16
14
10
16
12
13
8
13
18
14
12
19
10
18
17
8
14
17
10
6
9
11
13
15
9
9
20
17
9
15
12
12
8
11
13
12
14
10
13
8
10
11
9
12
10
15
14
6
13
10
10
13
10
12
8
10
11
8
16
16
8
10
12
12
8
8
12
11
18
7
9
13
9
3
10
14
12
10
12
10
5
8
13
16
9
8
11
9
12
17
8
2
9
9
14
10
6
8
11
3
12
11
10
9
5
12
10
10
10
9
5
14
10
7
4
9
18
3
13
12
6
13
14
6
11
5
3
8
7
9
14
8
13
13
11
13
3
3
14
8
7
8
12
14
7
12
6
6
6
10
7
13
3
6
4
7
13
13
7
9
6
15
13
7
3
13
7
7
6
9
5
4
10
8
5
9
6
6
7
10
6
7
16
3
9
7
9
3
4
7
10
7
5
8
7
12
6
5
7
10
8
6
5
7
4
5
5
7
6
7
9
8
8
6
12
6
6
9
5
4
9
9
5
5
7
3
5
6
6
4
10
2
11
7
6
5
2
10
8
5
9
7
4
7
7
4
7
5
7
3
8
7
4
8
8
7
9
5
8
7
4
6
5
5
9
5
7
12
4
2
6
9
9
6
6
9
4
7
6
7
6
5
5
7
4
7
5
6
10
8
10
10
8
5
0
5
4
5
9
4
8
2
8
4
3
9
5
5
8
4
4
5
9
4
6
4
5
2
6
4
6
3
9
4
4
4
7
4
9
0
1
3
2
3
1
4
4
2
5
4
6
6
3
7
3
4
2
2
3
3
2
3
3
2
2
4
3
2
7
5
5
4
8
7
4
0
3
7
6
5
4
3
8
2
9
3
3
3
7
3
2
6
3
3
4
2
4
1
8
6
5
6
2
6
7
1
4
2
8
5
5
0
6
6
3
6
3
3
3
3
3
2
6
6
5
2
4
1
6
2
4
1
6
0
4
7
4
1
1
5
2
3
2
4
4
3
0
3
3
0
4
4
2
4
2
3
5
4
3
1
0
2
3
2
3
2
4
2
3
2
1
2
4
0
2
1
0
2
4
5
3
0
2
0
5
0
2
1
1
0
3
4
3
1
2
4
3
1
0
3
1
1
3
2
3
1
1
2
1
2
0
1
2
3
3
0
7
2
0
1
2
1
2
4
0
5
1
3
4
3
2
2
0
0
2
1
1
4
1
0
1
0
5
0
0
3
0
3
1
1
1
4
3
1
0
0
0
0
1
1
1
2
2
2
2
0
0
0
2
1
0
0
0
0
2
2
0
3
0
0
2
0
0
1
0
1
0
0
0
0
0
1
0
1
1
0
0
0
0
0
0
1
1
0
0
1
1
0
2
0
0
0
0
0
1
0
0
1
0
0
0
0
0
0
1
0
0
0
0
0
0
0
0
0
1
0
0
0
0
0
1
0
1
0
0
1
0
0
0
0
0
0
2
0
1
0
0
0
0
0
0
0
0
0
0
0
0
0
1
0
0
0
0
0
0
0
1
0
0
0
0
0
0
0
0
0
0
0
0
0
0
0
0
0
0
0
0
0
0
0
0
0
0
0
0
0
0
0
0
0
0
0
0
0
0
0
0
0
0
0
2
0
0
0
0
0
0
0
0
0
0
0
0
1
0
0
0
0
0
0
0
0
0
0
0
1
0
0
0
0
0
0
0
0
0
0
0
0
0
0
0
0
0
2
1
0
0
0
0
0
0
0
0
0
0
0
0
0
0
0
0
0
0
0
0
0
0
0
0
0
0
0
0
0
0
0
0
0
0
0
0
0
0
0
0
1
0
0
0
0
0
0
0
0
0
0
0
0
0
0
0
0
0
0
0
0
0
0
0
0
0
0
0
0
0
0
0
0
0
0
0
0
0
0
0
0
0
0
0
0
0
0
0
0
0
0
0
0
0
0
0
0
0
0
0
0
0
0
0
0
1
0
0
0
0
0
0
0
0
0
0
0
0
0
0
0
0
0
0
0
0
0
0
0
0
0
0
0
0
0
0
0
1
0
0
1
0
0
0
0
0
0
0
0
0
0
0
0
0
0
0
0
0
0
0
0
0
0
0
0
0
0
0
0
0
0
1
0
0
0
0
0
0
0
1
0
0
0
0
0
0
0
0
0
0
0
0
0
0
0
0
0
0
0
0
0
0
0
0
0
0
0
0
0
0
0
0
0
0
0
0
0
0
0
0
0
0
0
0
0
0
0
0
0
0
0
0
0
0
0
0
0
0
0
0
0
0
0
0
0
0
0
0
1
0
0
0
0
0
0
0
0
1
1
0
0
0
0
0
0
0
0
0
0
0
0
0
0
0
0
0
0
0
0
0
0
0
0
0
0
0
0
0
0
0
0
0
0
0
0
0
0
0
0
0
0
0
0
0
0
0
0
0
0
0
0
0
0
0
0
0
0
0
0
0
0
0
0
0
0
0
0
0
0
0
0
0
0
1
0
1
0
0
0
0
0
0
0
0
0
0
0
0
0
0
0
0
0
0
0
0
0
0
0
0
0
0
1
0
0
0
0
0
0
0
0
0
0
0
0
0
0
0
0
0
0
0
0
0
0
0
0
0
0
0
0
0
1
0
0
0
0
0
0
0
0
0
0
0
0
0
0
0
0
0
0
0
0
0
0
0
0
0
0
0
0
0
0
0
0
0
0
0
0
0
0
0
0
0
0
0
0
0
0
0
0
0
0
0
0
0
0
0
0
0
0
0
0
0
0
0
0
0
0
0
0
0
0
0
0
0
0
0
0
1
0
0
0
0
0
1
0
0
0
0
0
0
0
0
0
0
0
0
0
0
0
0
0
0
1
0
0
0
0
0
0
0
0
0
0
0
0
0
0
0
0
0
0
0
1
0
0
0
0
0
0
0
0
0
0
0
0
0
0
0
0
0
0
0
0
1
0
0
0
0
0
0
0
0
0
0
0
0
0
0
0
0
0
0
0
0
0
0
0
0
0
0
0
0
0
0
0
0
0
0
0
0
0
0
0
0
0
0
0
0
0
0
0
0
0
0
0
1
0
0
0
0
0
0
0
0
0
0
0
0
0
0
0
0
0
0
0
0
0
0
0
0
0
0
0
0
0
0
0
0
0
0
0
0
0
0
0
0
0
0
0
0
0
0
0
0
0
0
0
0
0
0
0
0
0
0
0
0
0
0
0
0
0
0
0
0
0
0
0
0
0
0
0
0
0
0
0
0
0
0
0
0
0
0
0
0
0
1
0
0
0
0
0
0
0
0
0
0
0
0
0
0
0
0
0
0
0
0
0
0
0
0
0
0
0
0
0
0
0
0
0
0
0
0
0
0
0
0
0
0
0
0
0
0
0
0
0
0
0
0
0
0
0
0
0
0
0
0
0
0
0
0
0
0
0
0
0
0
0
0
0
0
0
0
0
0
0
0
1
0
0
0
0
0
0
0
0
0
0
0
0
0
0
0
0
0
0
0
0
0
0
0
0
0
0
0
0
0
0
0
0
0
0
0
0
0
0
0
0
0
0
0
0
0
0
0
0
0
0
0
0
0
0
0
0
0
0
0
0
0
0
0
0
0
0
0
0
0
0
0
0
0
0
0
0
0
0
0
0
0
0
0
0
0
0
0
0
0
0
0
0
0
0
0
0
0
0
0
0
0
0
0
0
0
0
0
0
0
0
0
0
0
0
0
0
0
0
0
0
0
0
0
0
0
0
0
0
0
0
0
0
0
0
0
0
0
0
0
0
0
0
0
0
0
0
0
0
0
0
0
0
0
0
0
0
0
0
0
0
0
0
0
0
0
0
0
0
0
0
0
0
0
0
0
0
0
0
0
0
0
0
0
0
0
0
0
0
0
0
0
0
0
1
0
0
0
0
0
0
0
0
0
0
0
0
0
0
0
0
0
0
0
0
0
0
1
0
0
0
0
0
0
0
0
0
0
0
0
0
0
0
0
0
0
0
0
0
0
1
0
0
0
0
0
0
0
0
0
0
0
0
0
0
0
0
0
0
0
0
0
0
0
0
0
0
0
0
0
0
0
0
0
0
0
0
0
0
0
0
0
0
0
0
0
0
0
0
0
0
0
0
0
0
0
0
0
0
0
0
0
0
0
0
0
0
0
0
0
0
0
0
0
0
0
0
0
0
0
0
0
0
0
0
0
0
0
0
0
0
0
0
0
0
0
0
0
0
0
0
0
0
0
0
0
0
0
0
0
0
0
0
0
0
0
0
0
0
0
0
0
0
0
0
0
0
0
0
0
1
0
0
0
0
0
0
0
0
0
0
0
0
0
0
0
0
0
0
0
0
0
0
0
0
0
0
0
0
0
0
0
0
0
0
0
0
0
0
0
0
0
0
0
0
0
0
0
0
0
0
0
0
0
0
0
0
0
0
0
0
0
0
0
0
0
0
0
0
0
0
0
0
0
0
0
1
0
0
0
0
0
0
0
0
0
0
0
0
0
0
0
0
0
0
0
0
0
0
0
0
0
0
0
0
0
0
0
0
0
0
0
0
0
0
0
0
0
0
0
0
0
0
0
0
0
0
0
0
0
0
0
0
0
0
0
0
0
0
0
0
0
0
0
0
0
0
0
0
0
0
0
0
0
0
0
0
0
0
1
0
0
0
0
0
0
0
0
0
0
0
0
0
0
0
0
0
0
0
0
0
0
0
0
0
0
0
0
0
0
0
0
0
0
0
0
0
1
0
0
0
0
1
0
0
0
0
0
0
0
0
0
0
0
0
0
0
0
0
0
0
0
0
0
0
0
0
0
0
0
0
0
1
0
0
0
0
0
0
0
0
0
0
0
0
0
0
0
0
0
0
0
0
0
0
0
0
0
0
0
0
0
0
0
1
0
0
0
0
0
0
0
0
0
0
0
0
0
0
0
0
0
0
0
1
0
0
0
0
0
0
0
0
0
0
0
0
0
0
0
0
0
0
0
0
0
0
0
0
0
0
0
0
0
0
0
0
0
0
0
0
0
0
0
0
0
0
0
0
0
0
0
0
0
0
0
0
0
0
0
0
0
0
0
0
0
0
0
0
0
0
0
0
0
0
0
0
0
0
0
0
0
0
0
0
0
0
0
0
0
0
0
0
0
0
1
0
0
0
0
0
0
0
0
0
0
0
0
0
0
0
0
0
0
0
0
0
0
0
0
0
0
0
0
0
0
0
0
0
0
0
0
0
0
0
0
0
0
0
0
0
0
0
0
0
0
0
0
0
0
0
0
0
0
0
0
0
0
0
0
0
0
0
0
0
0
0
0
0
0
0
0
0
0
0
0
0
0
0
0
0
0
0
0
0
0
0
0
0
0
0
0
0
0
0
0
0
0
0
0
0
0
0
0
0
0
0
0
0
0
1
0
0
0
0
0
0
0
0
0
0
0
0
0
0
0
0
0
0
0
0
0
0
0
0
0
0
0
0
0
0
0
0
0
0
0
0
0
0
0
0
0
0
0
0
0
0
0
0
0
0
0
0
0
0
0
0
0
0
1
0
1
0
0
0
0
0
0
0
0
0
0
0
0
0
0
0
0
0
0
0
0
0
1
0
0
0
0
0
0
0
0
0
0
0
0
0
0
0
0
0
0
0
0
0
0
0
0
0
0
0
0
0
0
0
0
0
0
0
0
0
0
0
0
0
0
0
0
0
0
0
0
0
0
0
0
0
0
0
0
0
0
0
0
0
0
0
0
0
0
0
0
0
0
0
0
0
0
0
0
0
0
0
0
0
0
1
0
0
0
0
0
0
0
0
0
0
0
0
0
0
0
1
0
0
0
0
0
0
0
0
0
0
0
0
0
1
0
0
0
0
0
0
0
0
0
0
0
0
0
0
0
0
0
0
0
0
0
0
0
0
0
0
0
0
0
0
0
0
0
0
0
0
0
0
0
0
0
0
0
0
0
0
0
0
0
0
0
0
0
0
0
0
0
0
0
0
0
0
0
0
0
0
0
0
0
0
0
0
0
0
0
0
0
0
0
0
0
0
0
0
0
0
0
0
0
0
0
0
0
0
0
0
0
0
0
0
0
0
0
0
0
0
0
0
0
0
0
0
0
0
0
0
0
0
0
0
0
0
0
0
0
0
0
0
0
0
0
0
0
0
0
0
0
0
0
0
0
0
0
0
0
0
0
0
0
0
0
0
0
0
0
0
0
0
0
0
0
0
0
0
0
0
0
0
0
0
0
0
0
0
0
0
0
0
0
0
0
0
0
0
0
0
0
0
0
0
0
0
0
0
0
0
0
0
0
0
0
0
0
0
0
0
0
0
0
0
0
0
0
0
0
1
0
0
0
0
0
0
0
0
0
0
0
0
0
0
0
0
0
0
0
0
1
0
0
0
0
0
0
0
0
1
0
0
0
0
0
0
0
0
0
0
0
0
0
0
0
0
0
0
0
0
0
0
0
0
0
0
0
0
0
0
0
0
0
0
0
0
0
0
0
0
0
0
0
0
0
0
0
0
0
0
0
0
0
0
0
0
0
0
0
0
0
0
0
0
0
0
0
0
0
0
0
0
0
0
0
0
0
0
0
0
0
0
0
0
0
0
0
0
0
0
0
0
0
0
0
0
0
0
0
0
0
0
0
0
0
0
0
0
0
0
0
0
0
0
0
0
0
0
0
0
0
0
0
0
0
0
0
0
0
0
0
0
0
0
0
0
0
0
0
0
0
0
0
0
0
0
0
0
0
0
0
0
0
0
0
0
0
0
0
0
0
0
0
0
0
0
0
0
0
0
0
0
0
0
0
0
0
0
0
1
0
0
0
0
0
0
0
0
0
0
0
0
0
0
0
0
0
0
0
0
0
0
0
0
0
0
0
0
0
0
0
0
0
0
0
0
0
0
0
0
0
0
0
0
0
0
0
0
0
0
0
0
0
0
0
0
0
0
0
0
0
0
0
0
0
0
0
0
0
0
0
0
0
0
0
0
0
0
0
0
0
0
0
0
0
0
0
0
0
0
0
0
0
0
0
0
0
0
0
0
0
0
0
0
0
0
0
0
0
1
0
0
0
0
0
0
0
0
0
0
0
0
1
0
0
0
0
0
0
0
0
0
0
0
0
0
0
0
0
0
0
0
0
0
0
0
0
0
0
0
0
0
0
0
0
0
0
0
0
0
0
0
0
0
0
0
0
0
0
0
0
0
0
0
0
0
0
0
0
0
0
0
0
0
0
0
0
0
0
0
0
0
0
0
0
0
0
0
1
0
0
1
0
0
0
0
0
0
0
0
0
0
0
0
0
0
0
0
0
0
0
0
0
0
0
0
0
0
0
0
0
0
0
0
0
0
0
0
0
0
0
0
0
0
0
0
0
0
0
0
0
0
0
0
0
0
0
0
0
0
0
0
0
0
0
0
0
0
0
0
0
0
0
0
0
0
0
0
0
0
0
0
0
0
0
0
0
0
0
0
0
0
0
0
0
0
0
0
0
0
0
0
0
0
0
0
0
0
0
0
0
0
0
0
0
0
0
0
0
0
0
0
0
0
0
0
0
0
0
0
1
0
0
0
0
0
0
0
0
0
0
0
0
0
0
0
0
0
0
0
0
0
0
0
0
0
0
0
0
0
0
0
0
0
1
0
0
0
0
0
0
0
0
0
0
0
0
0
0
0
0
0
0
0
0
0
0
0
0
0
0
0
0
0
0
0
0
0
0
0
0
0
0
0
0
0
0
0
0
0
0
0
0
0
0
0
0
0
0
0
0
0
0
0
0
0
0
0
0
0
0
0
0
0
0
0
0
0
0
0
0
0
0
0
0
0
0
0
0
0
0
0
0
0
0
0
0
0
0
0
0
0
0
0
0
0
0
0
0
0
0
0
0
0
0
0
0
1
0
0
0
0
0
0
0
0
0
0
0
0
0
0
0
0
0
0
0
0
0
0
0
0
0
0
0
0
0
0
0
0
0
0
0
0
0
0
0
0
0
0
0
0
0
0
0
0
0
0
0
0
0
0
0
0
0
0
0
0
0
0
0
0
0
0
0
0
0
0
0
0
0
0
0
0
0
0
0
0
0
0
0
0
0
0
0
0
0
0
0
0
0
0
0
0
0
0
0
0
0
0
0
0
0
0
0
1
0
0
0
0
0
0
0
0
0
0
0
0
0
0
0
0
0
0
0
0
0
0
0
0
0
0
0
0
0
0
0
0
0
0
0
0
0
0
0
0
0
0
0
0
0
0
0
0
0
0
0
0
0
0
0
0
0
0
0
0
0
0
0
0
0
0
0
0
0
0
0
0
0
0
0
0
0
0
0
0
0
0
0
0
0
0
0
0
1
0
0
0
0
0
0
0
0
0
0
0
0
0
0
0
0
0
0
1
0
0
1
0
0
0
0
0
0
0
0
0
0
0
0
0
0
0
0
0
0
0
0
0
0
0
0
0
0
0
0
0
0
0
0
0
0
0
0
0
0
0
0
0
0
0
0
0
0
0
0
0
0
0
0
0
0
0
0
0
0
0
0
0
0
0
0
0
0
0
1
0
0
0
0
0
0
0
0
0
0
0
0
0
0
0
0
0
0
0
0
0
0
0
0
0
0
0
0
0
0
0
0
1
0
0
0
0
0
0
0
0
0
0
0
0
0
0
0
0
0
0
0
0
0
0
0
0
0
0
0
0
0
0
0
0
0
0
0
0
0
0
0
0
0
0
0
0
0
0
0
0
0
0
0
0
0
0
0
0
0
0
0
0
0
0
0
0
0
0
0
0
0
0
0
0
0
0
0
0
0
0
0
0
0
0
0
0
0
0
0
0
0
0
0
0
0
0
0
0
0
0
0
0
0
0
0
0
0
0
0
0
0
0
0
0
0
0
0
0
0
0
0
0
0
0
0
0
0
0
0
0
0
0
0
0
0
0
0
0
0
0
0
0
0
0
0
0
0
0
1
1
0
0
0
0
0
0
0
0
0
0
0
0
0
0
0
0
0
0
0
0
0
0
0
0
0
0
0
0
0
0
0
0
0
0
0
0
0
0
0
0
0
0
0
0
0
0
0
0
0
0
0
0
0
0
0
0
0
0
0
0
0
0
0
0
0
0
0
1
0
0
0
0
0
0
0
0
0
0
0
0
0
0
0
0
0
0
0
0
0
0
0
0
0
0
0
0
0
0
0
0
0
0
0
0
0
0
0
0
0
0
0
0
0
0
0
0
0
0
0
0
0
0
0
0
0
0
0
0
0
0
0
0
0
0
0
0
0
0
0
0
0
0
0
0
0
0
0
0
0
0
0
0
0
0
0
0
0
0
0
0
0
0
0
0
0
0
0
0
0
0
0
0
0
0
0
0
0
0
0
0
0
0
0
0
0
0
0
0
0
0
0
0
0
0
0
0
0
0
0
0
0
0
0
0
0
0
0
0
0
0
0
0
0
0
0
0
0
0
0
0
0
0
1
0
0
0
0
0
0
0
0
0
0
0
0
0
0
0
0
0
0
0
0
0
0
0
0
0
0
0
1
0
0
1
0
0
0
0
0
0
0
0
0
0
0
0
0
0
0
0
0
0
0
0
0
0
0
0
0
0
0
0
0
0
0
1
0
0
0
0
0
0
0
0
0
0
0
0
0
0
0
0
0
0
0
0
0
0
0
0
0
0
0
0
0
0
0
0
0
0
0
0
0
0
0
0
0
0
0
0
0
0
0
0
0
0
0
0
0
0
0
1
0
0
0
0
0
1
0
0
0
0
0
0
0
0
0
0
0
0
0
0
0
0
0
0
0
0
0
0
0
0
0
0
0
0
0
0
0
0
0
0
0
0
0
0
0
0
0
0
0
0
0
0
0
0
0
0
0
0
0
0
0
0
0
0
0
0
0
0
0
0
0
0
0
0
0
0
0
0
0
0
0
0
0
0
0
0
0
0
0
0
0
0
0
0
0
0
0
0
0
0
0
0
0
0
0
0
0
0
0
0
0
0
0
0
0
0
0
0
0
0
0
0
0
0
0
0
0
0
0
0
0
0
0
0
0
0
0
0
0
1
0
0
0
0
0
0
0
0
0
0
0
0
0
0
0
0
0
0
0
0
0
0
0
0
0
0
0
0
0
0
0
0
0
0
0
0
0
0
0
0
0
0
0
0
0
0
0
0
0
0
0
0
0
0
0
0
0
0
0
0
0
0
0
0
0
0
0
0
0
0
0
0
0
0
0
0
0
0
0
0
0
0
0
0
0
0
0
0
0
0
0
0
0
0
0
0
0
0
0
0
0
0
0
0
0
0
0
0
0
0
0
0
0
0
0
0
0
0
0
0
0
0
0
0
0
0
0
0
0
0
0
0
0
0
0
0
0
0
0
0
0
0
0
0
0
0
0
0
0
0
0
0
0
0
0
0
0
0
0
0
0
0
0
0
0
0
0
0
0
0
0
0
0
0
0
0
0
0
0
0
0
0
0
0
0
0
0
0
0
0
0
0
0
0
0
0
1
0
0
0
0
0
0
0
0
0
0
0
0
0
0
0
0
0
0
0
0
0
0
0
0
0
0
0
0
0
0
0
0
0
0
0
0
0
0
0
0
0
0
0
0
0
0
0
0
0
0
0
1
0
0
0
0
0
0
0
0
0
0
0
0
0
0
0
0
0
0
0
0
0
0
0
0
0
0
0
0
0
0
0
0
0
0
0
0
0
0
0
0
0
0
0
0
1
0
0
0
0
0
0
0
0
0
0
0
0
0
0
0
0
0
0
0
0
0
0
0
0
0
0
0
0
0
0
0
0
0
0
0
0
0
0
0
0
0
0
0
0
0
0
0
0
0
0
0
0
0
0
0
0
0
0
0
0
0
0
0
0
0
0
0
0
0
0
0
0
0
0
0
0
0
0
0
0
0
0
0
0
0
0
0
0
0
0
0
0
0
0
0
0
0
0
0
0
0
0
0
0
0
0
0
0
0
0
0
0
0
0
0
0
0
0
0
0
0
0
0
0
0
0
0
0
0
0
0
0
0
0
0
0
0
1
0
0
0
0
0
0
0
0
0
0
0
0
0
0
0
0
0
0
0
0
0
0
0
0
0
0
0
0
0
0
0
0
0
0
0
0
0
0
0
0
0
0
0
0
0
0
0
0
0
0
0
0
0
0
0
0
0
0
0
0
1
0
0
0
0
0
0
0
0
0
0
0
0
0
0
0
0
0
0
0
0
0
0
0
0
0
0
0
0
0
0
0
0
0
0
0
0
0
0
0
0
0
0
0
0
0
0
0
0
0
0
0
0
0
0
0
0
0
0
0
0
0
0
0
0
0
0
0
0
0
0
0
0
0
0
0
0
0
0
0
0
0
0
0
0
0
0
0
0
0
0
0
0
0
0
0
0
0
0
0
0
0
0
0
0
0
0
0
0
0
0
0
0
0
0
0
0
0
0
0
0
0
0
0
0
0
0
0
0
0
0
0
0
0
0
0
0
0
0
0
0
0
0
0
0
0
0
0
0
0
0
0
0
0
1
0
0
0
0
0
0
0
0
0
0
0
0
0
0
0
0
0
0
0
0
0
0
0
0
0
0
0
0
0
0
0
0
0
0
0
0
0
0
0
0
0
0
0
0
0
0
0
0
0
0
0
0
0
0
0
0
0
0
0
0
0
0
0
0
0
0
0
0
0
0
0
0
0
0
0
0
0
0
0
0
0
0
0
0
0
0
0
0
0
0
0
0
0
0
0
0
0
0
0
0
0
0
0
0
0
0
0
0
0
0
0
0
0
0
0
0
0
0
0
0
0
0
0
0
0
0
0
0
0
0
0
0
0
0
0
0
0
0
0
0
1
0
0
0
0
0
0
0
0
0
0
0
0
0
0
0
0
0
0
0
0
0
1
0
0
0
0
0
0
0
0
0
0
0
0
0
0
0
0
0
0
0
0
0
0
0
0
0
0
0
0
0
0
0
0
0
0
0
1
0
0
0
0
0
0
0
0
0
0
0
0
0
0
0
0
0
0
0
0
1
0
0
0
0
0
0
0
0
0
0
0
0
0
0
0
0
0
0
0
0
0
0
0
0
0
0
0
0
0
0
0
0
0
0
0
0
0
0
0
0
0
0
0
0
0
0
0
0
0
0
0
0
0
0
0
0
0
0
0
0
0
0
0
0
0
0
0
0
0
0
0
0
0
0
0
0
0
0
0
0
0
0
0
0
0
0
0
0
0
0
0
0
0
0
0
0
0
0
0
0
0
0
0
0
0
0
0
0
0
0
0
0
0
0
0
0
0
0
0
0
0
0
0
0
0
0
0
0
0
0
0
0
0
0
0
0
0
0
0
0
0
0
1
1
0
0
0
0
0
0
0
0
0
0
0
0
0
0
0
0
0
0
0
0
0
0
0
0
0
0
0
0
0
0
0
0
1
0
0
0
0
0
0
0
0
0
0
0
0
0
0
0
0
0
0
0
0
0
0
0
0
0
0
0
0
0
0
0
0
0
0
0
0
0
0
0
0
0
0
0
0
0
0
0
0
0
0
0
0
0
0
0
0
0
0
0
0
0
0
0
0
0
0
0
0
0
0
0
0
0
0
0
0
0
0
0
0
0
0
0
0
0
0
0
0
0
0
0
0
0
0
0
0
0
0
0
0
0
0
0
0
0
0
0
0
0
0
0
0
0
0
0
0
0
0
0
0
0
0
0
0
0
0
0
0
0
0
0
0
0
0
0
0
0
0
0
0
0
0
0
0
0
0
0
0
0
0
0
0
0
0
0
0
0
0
0
0
0
0
0
0
0
0
0
0
0
0
0
0
0
0
0
0
0
0
0
0
0
0
0
0
0
0
0
0
0
0
0
0
0
0
0
0
0
0
0
0
0
0
0
0
0
0
0
0
0
0
0
0
0
0
0
0
0
0
0
0
0
0
0
0
0
0
0
0
0
0
0
0
0
0
0
0
0
0
0
0
0
0
0
0
0
0
0
0
0
0
0
0
0
0
0
0
0
0
0
0
0
0
0
0
0
0
0
0
0
0
0
0
0
0
0
0
0
0
0
0
0
0
0
0
0
0
0
0
0
0
0
0
0
0
0
0
0
0
0
0
0
0
0
0
0
1
0
0
0
0
0
0
0
0
0
0
0
0
0
0
0
0
0
0
0
1
0
0
0
0
0
0
0
0
0
0
0
1
0
0
0
0
0
0
0
0
0
0
0
0
0
0
0
0
0
0
0
0
0
0
0
0
0
0
0
0
0
0
0
0
0
0
0
0
0
0
0
0
0
0
0
0
0
0
0
0
0
0
0
0
0
0
0
0
0
0
0
0
0
0
0
0
0
0
0
0
0
0
0
0
0
0
0
0
0
0
0
0
0
0
0
0
0
0
0
0
0
0
0
0
0
0
0
0
0
0
0
0
0
0
0
0
0
0
0
0
0
0
0
0
0
0
0
0
0
0
0
0
0
0
0
1
0
0
0
0
0
0
0
0
0
0
0
0
0
0
0
0
0
0
0
0
0
0
0
0
0
0
0
0
0
0
0
0
0
0
0
0
0
0
0
0
0
0
0
0
0
0
0
0
0
0
0
0
0
0
0
0
0
0
0
0
0
1
0
0
0
0
0
0
0
0
0
0
0
0
0
0
0
0
0
0
0
0
0
0
0
0
0
0
0
0
0
0
0
0
0
0
0
0
0
0
0
0
0
0
0
0
0
0
0
0
0
0
0
0
0
0
0
0
0
0
0
0
0
0
0
0
0
0
0
0
0
0
0
0
0
0
0
0
0
0
0
0
0
0
0
0
0
0
0
0
0
0
0
0
0
0
0
0
0
0
0
0
0
0
0
0
0
0
0
0
0
0
0
0
0
0
0
0
0
0
0
0
0
0
0
0
0
0
0
0
0
0
0
0
0
0
0
0
0
0
0
0
0
0
0
0
0
0
0
0
0
0
0
0
0
0
0
0
0
0
0
0
0
0
0
0
0
0
0
0
0
0
1
0
0
0
0
0
0
0
0
0
0
0
0
0
0
0
0
0
0
0
0
0
0
0
0
0
0
0
0
0
0
0
0
0
0
0
0
0
0
0
0
0
0
0
0
0
0
0
0
0
0
0
0
0
0
0
0
0
0
0
0
0
0
0
0
0
0
0
0
0
0
0
0
0
0
0
0
0
1
0
0
0
0
0
0
0
0
0
0
0
0
0
0
0
0
0
0
0
0
0
0
0
0
0
0
0
0
0
0
0
0
0
0
0
0
0
0
0
0
0
0
0
0
0
0
0
0
0
0
0
0
0
0
0
0
0
0
0
0
0
0
0
0
0
0
0
0
0
0
0
0
0
0
0
0
0
0
0
0
0
0
0
0
0
0
0
0
0
0
0
0
0
0
0
0
0
0
0
0
0
0
1
0
0
0
0
0
0
0
0
0
0
0
0
0
0
0
0
0
0
0
0
0
0
0
0
0
0
0
0
0
0
0
0
0
0
0
1
0
0
0
0
0
0
0
0
0
0
0
0
0
0
0
0
0
0
0
0
0
0
0
0
0
0
0
0
0
0
0
0
0
0
0
0
0
0
0
0
0
0
0
0
0
0
0
0
0
0
0
0
0
0
0
0
0
0
0
0
0
0
0
0
0
0
0
0
0
0
0
0
0
0
0
0
0
0
0
0
0
0
0
0
0
0
0
0
0
0
0
0
0
0
0
0
0
0
0
0
1
4
5
3
2
4
3
2
2
4
1
1
2
3
3
3
1
5
5
1
3
5
4
1
0
7
3
4
2
2
2
2
2
3
0
3
6
1
3
1
3
0
3
2
2
0
2
2
4
2
3
4
4
3
5
4
8
3
4
2
3
3
3
2
5
3
2
3
4
7
1
1
2
2
0
3
6
2
4
6
1
4
3
3
4
5
4
4
2
1
3
3
1
2
5
2
3
2
3
1
3
5
2
2
5
1
1
1
2
1
4
3
1
6
2
2
2
3
2
1
2
4
4
2
2
1
1
1
