0
1
0
0
0
0
1
1
0
1
0
0
0
1
1
0
1
0
0
1
0
1
1
1
1
1
1
1
0
0
0
1
0
1
1
0
0
0
0
2
1
1
1
1
0
1
2
0
0
0
2
2
0
1
2
1
0
1
2
2
2
1
0
0
3
3
2
2
1
0
1
2
1
1
2
3
1
2
2
3
1
1
3
3
3
3
5
2
3
4
4
3
4
6
0
6
13
28
120
180
220
257
291
279
270
320
287
314
284
294
334
302
329
383
422
432
465
502
499
517
571
633
685
777
924
1121
1164
1178
939
784
546
419
316
265
252
248
299
253
235
266
275
286
276
281
289
267
274
296
278
271
281
260
278
235
264
246
276
263
281
236
272
264
246
290
247
250
300
254
261
280
267
263
267
283
271
253
246
275
291
259
280
298
314
285
277
259
270
290
257
271
256
270
263
283
286
244
293
314
288
243
284
314
300
243
289
287
309
251
321
260
240
269
286
268
261
304
315
308
295
267
265
251
295
285
298
308
292
285
282
283
271
300
275
283
323
274
290
289
293
297
281
302
290
267
303
310
275
317
284
278
301
289
263
248
286
288
296
283
279
294
312
284
289
278
289
264
255
262
289
281
295
292
279
277
294
290
296
270
315
293
278
304
269
262
269
280
303
298
303
295
289
285
309
290
278
290
304
301
316
264
303
319
298
290
311
278
344
302
281
308
273
321
258
315
321
284
303
279
298
300
294
340
293
277
316
279
353
283
348
268
279
311
342
293
301
311
328
291
311
280
297
299
300
307
298
296
319
287
285
279
298
310
291
313
318
299
312
270
327
305
278
301
321
303
317
302
276
328
300
290
274
289
280
314
300
288
272
322
302
294
286
295
316
301
310
274
324
304
324
310
324
289
312
296
376
319
309
311
296
330
312
322
317
317
310
300
330
354
315
328
328
314
307
296
356
295
324
317
307
324
331
302
337
297
341
350
336
341
315
318
311
321
320
339
353
334
322
350
360
338
331
332
350
339
322
284
343
336
334
335
317
326
324
300
330
292
294
326
315
338
333
338
381
337
331
339
351
291
349
367
357
321
336
335
298
339
336
332
364
329
360
347
354
347
334
366
356
349
361
345
354
339
365
341
347
363
389
370
334
305
334
358
360
378
380
346
346
351
358
378
363
350
347
372
343
368
327
377
353
371
350
342
331
333
325
347
362
352
344
355
335
352
377
329
326
341
342
370
364
357
324
352
357
377
346
391
326
383
355
323
345
360
333
332
330
330
389
308
345
345
375
368
320
357
343
342
352
341
361
368
348
334
351
327
366
364
341
317
326
353
337
305
346
337
346
378
332
329
377
332
413
346
342
371
367
333
323
348
332
310
322
315
325
346
347
355
343
353
362
380
340
384
330
366
358
329
340
327
354
334
379
332
343
357
312
337
342
335
329
312
319
365
318
333
323
319
310
337
367
346
365
329
357
334
339
337
282
357
330
368
338
356
334
353
350
347
337
355
317
349
342
343
333
353
361
320
325
336
333
326
320
354
334
363
358
340
375
351
313
330
335
338
332
323
324
343
349
351
304
329
332
336
322
349
316
329
341
342
325
321
323
341
326
343
362
350
313
337
348
351
334
319
311
363
321
366
322
332
349
338
312
343
343
370
340
351
366
321
340
332
329
314
326
365
345
306
360
321
349
327
315
312
340
359
345
349
316
305
359
292
333
377
348
331
331
310
363
350
329
345
333
330
382
365
328
344
336
354
340
342
357
320
343
330
350
331
341
338
335
321
332
337
297
348
330
352
335
347
341
326
344
360
327
344
336
361
358
345
337
332
345
366
323
351
334
363
363
319
356
308
352
348
350
368
328
354
362
340
355
331
314
342
326
355
359
322
341
325
360
338
372
330
308
355
359
323
328
350
352
347
342
312
374
349
366
344
353
349
348
362
355
370
348
331
335
340
343
331
372
324
365
333
346
346
319
346
334
357
307
352
367
364
325
363
311
344
346
324
330
335
332
358
341
329
347
359
370
380
337
353
350
340
350
348
380
326
349
343
349
363
396
351
334
358
372
333
367
337
358
336
369
348
360
347
343
345
330
360
348
357
382
375
352
347
360
343
336
384
357
339
389
346
332
355
344
347
335
360
352
375
349
336
347
340
337
370
371
353
342
352
354
370
358
346
375
333
384
361
356
357
342
364
336
329
361
348
333
363
350
322
358
405
360
373
343
353
329
333
345
344
333
418
334
346
351
353
357
360
351
346
356
320
358
352
366
333
335
341
353
337
352
358
365
339
332
352
367
361
327
365
345
352
380
338
332
347
344
332
351
342
361
355
366
369
350
367
368
360
353
351
352
330
380
375
358
330
324
356
363
368
353
326
371
323
366
334
353
348
349
361
370
336
367
325
342
332
339
356
357
385
339
361
341
362
374
367
341
369
327
371
351
373
369
358
348
375
352
390
362
351
330
363
368
349
326
368
382
376
361
377
380
354
347
390
393
363
382
349
302
333
358
396
410
366
394
344
352
361
369
340
342
376
358
327
372
366
327
303
358
378
352
331
365
330
358
367
334
340
317
355
353
339
338
378
363
356
345
392
356
364
359
320
343
378
338
331
357
347
383
353
375
376
350
342
359
387
347
340
332
328
363
350
380
352
367
343
363
346
379
364
386
368
318
354
377
362
377
373
385
361
350
352
360
349
343
338
368
363
371
368
366
331
363
348
394
362
333
403
327
373
391
389
361
346
341
347
358
357
340
362
337
370
377
357
378
376
389
356
395
391
346
356
360
346
375
324
358
381
326
357
399
347
336
326
349
383
341
374
383
364
369
348
359
403
353
350
356
351
371
342
357
369
339
404
362
358
327
348
357
349
369
382
383
348
365
365
409
347
368
369
356
389
375
339
366
360
404
372
351
390
368
350
388
367
378
367
389
380
367
361
363
360
394
389
404
378
370
374
395
380
368
369
396
383
381
376
366
408
413
421
380
355
359
355
365
388
380
389
402
393
360
406
361
396
353
432
420
370
420
379
396
398
381
386
378
388
415
418
427
392
403
377
449
388
407
432
400
432
404
427
382
446
428
433
429
386
393
434
449
412
399
416
436
422
433
397
417
382
425
387
395
406
393
428
426
391
437
449
445
455
462
441
414
392
396
436
479
428
455
443
464
441
452
434
430
440
407
405
449
414
444
449
445
456
425
404
434
465
445
465
482
475
445
424
464
477
464
449
482
469
452
439
426
456
498
421
468
419
462
483
479
452
526
488
466
456
442
446
474
437
474
472
490
449
455
470
472
513
505
467
516
515
478
430
488
496
466
464
506
471
476
485
488
448
471
462
475
515
470
487
495
489
442
479
493
503
494
506
467
509
462
487
510
452
483
485
469
488
442
480
504
490
464
452
517
479
431
466
501
455
462
501
472
463
457
486
503
479
455
476
476
457
491
487
450
450
473
469
476
452
420
461
454
507
473
485
453
485
486
435
446
472
474
480
472
453
463
455
463
452
458
470
469
461
447
440
450
453
403
464
448
452
408
486
436
435
430
433
447
460
473
447
457
456
420
479
481
475
462
468
461
452
426
489
462
496
430
412
475
475
414
448
492
511
467
483
432
473
447
440
412
467
434
462
420
475
450
450
450
427
399
439
440
440
483
453
489
441
426
428
447
440
430
447
466
419
431
424
452
437
410
491
453
436
460
453
423
447
435
474
394
447
408
452
448
449
410
464
429
437
448
448
421
459
399
409
429
407
384
453
423
434
464
462
438
423
405
405
388
419
464
423
418
412
476
456
421
427
425
407
394
387
446
411
429
467
436
419
431
428
457
442
439
436
450
419
450
436
398
460
409
405
426
444
414
428
398
382
412
447
424
454
400
398
415
400
421
418
440
412
411
447
469
434
396
406
428
420
425
397
413
439
411
394
357
449
382
422
367
402
409
399
392
442
412
389
413
413
416
448
394
440
448
419
407
411
432
390
415
387
444
428
388
441
434
430
400
415
399
426
414
437
429
413
432
417
423
426
431
393
393
402
386
403
401
395
433
435
408
388
386
411
368
415
433
379
395
394
380
386
416
419
404
388
418
423
420
386
408
415
401
388
391
410
415
416
392
391
393
374
382
393
358
389
461
399
407
409
369
379
369
408
390
424
413
402
422
386
390
438
396
391
387
409
418
397
403
377
391
426
407
400
389
454
421
409
403
401
385
415
411
401
375
413
369
349
377
414
358
382
384
409
393
389
378
427
392
415
369
414
424
385
388
400
426
395
395
399
377
368
383
372
394
417
402
393
420
359
412
376
400
439
399
356
347
352
412
399
378
393
391
367
362
407
399
348
359
338
389
382
405
409
372
386
408
374
382
404
401
395
370
372
367
401
391
376
363
378
389
397
386
378
379
360
388
416
423
388
362
378
379
400
380
395
392
371
397
376
373
381
414
364
368
413
384
361
383
377
419
391
392
397
388
389
388
381
374
374
351
409
406
400
400
428
386
365
383
415
343
353
411
377
403
384
414
401
387
432
396
390
403
395
392
363
381
386
392
388
405
411
351
369
396
412
413
398
370
394
339
381
404
373
395
378
404
377
388
374
355
395
393
360
328
379
368
391
382
376
414
362
390
397
379
366
417
390
385
426
360
383
384
385
367
400
394
390
438
385
407
336
367
365
402
415
370
388
379
375
365
378
388
375
361
375
377
358
404
388
359
369
383
347
379
374
372
351
341
395
365
400
338
369
380
400
370
398
366
370
368
399
389
378
367
378
350
397
387
359
353
360
366
397
364
388
361
404
351
360
361
361
381
376
387
388
351
338
344
396
360
371
366
356
393
386
346
352
354
384
406
378
360
355
364
364
335
348
356
346
371
362
350
377
367
373
355
366
382
351
364
370
346
362
357
381
353
365
355
377
346
379
358
361
338
391
378
396
358
376
350
406
368
368
371
332
356
375
340
356
354
367
392
358
388
329
372
380
349
363
391
361
346
355
389
376
359
375
395
318
325
348
360
364
363
352
363
375
373
365
355
341
347
361
372
356
342
348
390
347
332
336
345
343
375
369
324
373
370
373
328
339
365
338
377
368
357
337
320
364
353
345
337
377
338
333
343
373
356
329
371
330
357
353
350
354
326
350
341
357
370
360
349
355
388
407
338
349
314
371
362
338
341
394
350
353
331
345
314
369
332
354
372
350
337
362
363
358
338
364
348
354
367
323
340
343
350
352
340
339
329
328
349
361
317
321
345
363
350
361
352
319
354
370
345
362
357
367
365
322
323
372
335
342
349
370
361
351
347
396
356
355
336
388
360
372
364
348
334
357
378
335
340
327
341
378
325
347
377
388
332
352
360
394
350
352
357
336
310
326
327
367
351
359
352
348
339
345
352
353
372
379
364
338
325
329
343
348
332
364
323
377
333
318
317
350
367
382
332
366
326
353
340
367
332
321
351
312
348
360
345
353
334
334
340
366
340
351
329
335
349
311
358
309
327
345
327
353
354
328
336
319
337
342
341
357
327
342
329
353
342
332
361
346
346
337
307
362
330
340
369
332
358
352
347
320
328
368
342
305
377
357
316
355
335
332
331
351
333
337
348
347
359
306
344
329
336
360
339
383
345
356
324
361
349
351
350
368
327
344
358
330
390
306
342
333
319
318
329
371
339
323
358
335
336
367
352
331
330
321
352
339
360
345
357
290
343
326
340
354
351
339
317
328
316
339
338
381
344
322
365
307
312
347
339
351
362
348
344
348
310
341
352
324
339
322
341
341
360
319
335
336
333
337
325
360
336
357
345
350
329
283
342
336
340
340
348
336
332
319
343
324
322
312
342
373
327
317
316
332
318
348
345
330
338
336
305
332
361
339
357
325
319
338
349
365
336
316
325
327
337
359
328
354
346
339
328
322
366
316
331
352
341
315
324
335
320
367
313
319
325
343
352
315
334
295
307
333
355
318
332
358
339
347
360
325
325
331
319
319
347
374
349
311
342
354
322
350
353
364
311
366
326
313
340
353
319
340
355
338
310
341
328
323
347
361
323
342
311
316
293
338
350
321
321
355
320
321
387
305
357
323
317
320
329
348
320
338
338
334
311
371
342
341
328
322
323
331
383
367
329
330
323
324
294
338
321
340
313
337
323
348
327
340
330
325
346
291
324
351
347
334
321
324
304
326
342
304
340
344
325
322
302
306
351
316
331
337
327
325
320
346
344
330
377
315
315
334
344
328
291
341
335
339
329
340
334
326
351
331
361
362
336
318
359
338
323
317
320
316
328
362
327
317
323
336
311
323
336
328
305
318
325
358
336
325
318
362
307
340
338
346
336
357
349
273
306
337
298
317
312
309
332
328
333
353
321
315
306
348
331
305
339
334
327
347
356
321
330
350
328
361
310
339
324
323
332
339
317
341
331
347
318
329
336
314
330
327
326
327
347
334
333
352
326
341
351
347
349
361
366
317
309
320
315
337
342
307
305
327
340
328
322
334
321
325
321
313
309
340
336
329
323
328
321
317
358
365
310
347
354
317
360
324
323
344
295
314
297
325
326
357
321
337
356
316
304
307
316
285
346
306
317
319
318
356
349
327
324
334
333
348
325
317
319
333
351
325
323
310
314
309
344
317
333
343
332
327
298
349
335
312
328
296
315
330
337
352
322
305
313
312
317
322
320
338
307
337
351
321
317
354
338
332
325
337
323
356
364
332
333
340
327
334
333
345
327
343
337
330
323
322
319
349
335
339
320
330
336
328
306
322
356
315
332
302
310
342
378
327
349
334
318
340
320
310
325
328
330
329
317
288
345
345
313
328
352
305
322
347
340
318
312
307
340
310
313
333
344
320
323
321
321
314
348
327
298
325
293
324
320
285
333
307
309
338
347
372
336
300
320
350
330
328
350
314
330
324
303
324
302
292
310
304
347
336
325
293
308
352
315
317
325
323
367
321
330
314
296
316
325
315
328
346
338
306
343
345
322
314
282
342
293
290
336
341
341
308
330
316
320
337
329
326
314
314
317
326
326
333
328
328
320
340
325
333
321
347
344
337
325
329
326
319
361
299
350
328
326
306
342
333
282
326
357
353
353
351
318
299
349
319
312
333
306
318
306
329
320
347
370
297
330
310
313
322
309
326
304
327
356
302
318
291
302
295
300
330
321
327
309
336
337
337
356
304
316
327
321
308
304
313
329
321
347
310
299
340
322
261
324
308
316
327
333
362
315
328
333
350
338
313
348
313
328
307
317
338
299
336
305
345
312
332
340
313
325
287
305
347
332
318
310
347
325
322
303
326
333
363
345
351
348
357
344
269
294
315
354
330
320
320
340
317
328
288
311
324
326
320
328
315
303
337
323
323
320
313
362
339
362
346
328
324
345
335
321
319
306
332
328
311
308
325
325
334
334
334
272
313
327
298
336
341
329
302
338
312
325
309
327
335
352
305
323
304
360
311
300
337
285
309
305
338
340
326
316
346
355
303
317
309
312
312
335
287
336
338
302
335
357
313
341
329
283
332
333
310
328
316
314
326
338
302
335
332
297
327
340
354
302
309
319
309
323
351
342
330
322
320
294
316
332
314
341
321
325
322
336
356
291
315
369
371
332
344
320
338
341
343
346
340
329
332
324
357
349
332
317
353
312
347
318
339
318
325
299
304
349
336
342
305
297
338
344
317
352
332
327
315
299
311
351
337
313
320
314
321
311
342
321
335
299
339
336
312
361
319
313
340
334
364
352
365
300
324
294
315
317
326
325
301
345
322
292
314
344
325
318
326
329
318
321
349
319
314
347
299
345
311
321
331
306
319
335
312
349
332
352
349
326
318
325
333
335
320
337
334
310
306
340
335
323
321
344
326
314
309
316
310
303
306
336
329
314
354
347
337
331
318
321
326
311
343
360
323
307
330
358
307
315
340
335
326
304
321
317
357
338
332
303
336
361
322
340
311
329
332
354
359
319
362
341
294
284
325
328
346
301
317
313
331
337
314
332
335
308
329
304
308
318
304
314
319
314
344
352
310
311
351
368
343
344
347
311
308
334
345
332
309
297
307
315
342
317
346
311
304
361
339
307
311
323
346
344
331
314
337
324
331
304
314
301
330
332
337
338
346
328
299
313
330
359
363
297
303
342
313
314
341
323
320
328
334
322
300
276
316
293
288
302
326
325
303
318
326
300
328
326
328
322
313
331
350
307
329
343
321
310
356
338
331
319
328
335
335
334
365
318
319
330
330
335
282
314
331
323
304
336
328
313
346
336
309
327
325
306
324
318
338
319
321
322
299
319
330
318
326
337
329
336
295
324
338
341
337
306
337
314
307
317
311
344
326
308
335
322
315
307
313
309
300
328
301
340
334
319
331
345
337
354
333
303
361
300
321
354
339
333
315
362
336
334
320
308
332
304
355
326
317
293
316
350
382
298
345
322
311
321
314
281
337
325
330
324
319
316
311
308
369
324
309
327
303
335
316
308
320
310
346
316
325
307
317
320
317
364
346
325
325
298
352
322
332
322
330
359
348
340
332
335
316
328
320
346
285
320
337
330
344
306
349
358
290
315
315
368
355
312
345
322
296
365
303
285
353
327
316
330
351
314
351
331
319
343
343
341
303
317
332
318
302
298
370
298
292
341
330
334
334
311
332
310
319
317
316
336
336
317
342
300
330
317
330
311
312
360
314
339
331
355
347
338
345
315
334
319
337
336
344
329
323
322
332
326
318
327
325
339
313
312
310
317
349
319
316
348
349
308
309
320
324
357
332
323
340
323
355
350
336
345
338
317
284
338
328
327
325
349
339
324
334
318
327
304
371
341
314
313
370
330
345
304
291
329
309
344
331
343
314
342
311
321
338
343
323
305
359
333
372
347
318
319
305
319
317
330
348
306
319
339
311
325
302
320
351
316
308
349
326
317
297
333
325
349
320
353
346
340
314
347
376
360
338
312
349
304
353
322
316
367
308
309
316
310
327
341
321
366
351
340
336
339
328
357
350
313
334
356
334
310
345
326
318
327
331
295
298
351
328
321
356
317
371
332
325
320
341
356
349
320
334
350
294
340
332
334
311
329
328
322
304
343
347
309
344
354
364
322
312
330
330
336
303
328
326
310
339
351
305
356
327
351
322
360
316
356
312
319
345
318
331
380
330
333
344
347
340
354
354
333
366
336
369
339
309
349
374
290
324
331
326
315
348
335
347
323
330
345
348
334
343
335
343
323
354
340
348
306
338
344
311
318
334
334
328
323
337
329
348
348
285
344
303
336
339
336
344
338
328
340
305
323
339
363
358
356
323
308
296
318
364
335
297
325
332
329
320
298
382
346
328
342
336
306
312
311
332
314
318
346
343
342
334
324
305
345
352
324
303
317
332
342
349
345
349
357
337
325
346
335
315
329
356
324
323
352
344
345
339
287
347
322
333
300
349
327
319
352
295
303
352
313
342
326
321
321
343
335
349
353
381
327
342
325
321
336
302
343
313
332
322
323
327
323
363
329
335
335
288
364
323
343
299
300
349
331
333
320
317
314
321
339
318
333
309
327
345
321
363
284
321
354
342
342
348
381
348
359
356
334
386
324
324
330
321
337
333
338
325
357
350
367
309
337
349
322
323
308
354
330
351
324
331
367
311
324
330
329
343
309
310
335
314
381
352
317
326
328
333
323
361
346
324
333
331
303
347
336
325
331
338
359
315
311
346
338
339
324
354
334
328
352
332
370
337
345
374
358
340
355
341
356
312
330
312
327
334
343
319
309
340
333
339
322
369
335
359
320
336
364
331
324
345
340
372
332
340
308
356
305
314
321
314
362
349
325
335
350
355
347
373
358
348
362
339
328
310
377
349
358
376
313
310
333
332
345
359
341
336
361
370
357
321
345
337
359
328
375
335
345
345
328
346
313
361
362
310
353
338
343
326
349
333
344
333
362
346
364
327
349
350
321
329
356
364
358
345
341
341
372
384
328
344
361
378
349
348
342
365
353
329
357
375
312
370
352
351
346
339
337
355
318
335
343
375
360
334
346
346
339
334
360
311
342
355
362
339
347
332
331
377
333
353
337
334
338
353
332
337
341
329
346
321
350
389
364
350
345
357
343
358
325
322
364
340
372
368
339
330
386
369
328
362
324
366
331
343
302
332
356
331
347
335
355
346
350
340
334
327
344
369
358
338
343
342
340
354
370
364
366
335
339
377
344
319
333
342
368
334
357
377
349
341
341
323
311
362
327
342
369
328
360
329
326
350
358
312
344
346
333
391
328
348
328
365
345
370
335
350
335
364
359
361
352
331
334
360
299
328
355
355
359
340
375
351
336
341
325
323
344
353
340
373
345
353
356
336
371
335
364
342
351
355
333
310
347
326
324
343
342
314
345
346
362
341
319
338
351
352
346
366
347
339
370
349
353
373
326
347
343
349
365
355
337
343
354
356
365
362
380
351
340
354
321
347
347
365
323
365
362
338
355
356
335
355
347
315
341
331
349
351
354
404
340
323
344
332
354
370
349
394
403
332
374
349
374
330
368
325
337
361
344
349
384
375
346
336
340
334
361
350
340
334
357
363
384
317
347
363
359
364
346
349
363
350
361
323
347
386
360
372
325
368
318
358
350
345
355
361
374
366
377
323
340
345
339
349
323
350
310
315
337
354
342
321
338
370
344
342
363
329
335
305
334
325
396
350
340
374
395
352
362
362
364
396
356
374
357
361
361
338
338
354
343
372
349
376
359
356
361
373
388
377
380
358
336
345
354
375
363
366
353
346
362
343
347
328
366
353
361
372
353
381
360
344
362
378
364
389
334
371
354
356
354
362
424
383
347
375
358
350
332
353
361
340
351
356
355
309
371
334
342
354
371
363
381
366
337
374
367
355
345
336
358
388
373
406
357
347
363
361
315
363
340
363
373
364
351
382
402
401
339
379
370
347
353
334
348
354
385
340
350
390
322
355
362
371
342
378
357
351
361
344
360
396
341
355
359
356
355
376
372
364
359
384
371
361
366
365
367
362
371
351
380
394
354
348
376
385
376
378
350
371
368
371
351
340
385
360
356
360
370
352
380
371
364
351
355
386
341
370
340
397
355
375
359
372
349
369
366
405
342
374
353
357
355
370
360
359
326
339
385
389
345
395
344
338
337
365
356
392
395
393
372
381
399
348
395
369
369
390
378
348
368
355
389
347
377
399
364
366
345
398
400
350
380
364
364
324
361
371
352
339
387
342
369
381
384
383
391
384
375
349
412
384
404
389
354
364
366
354
360
350
356
383
374
383
360
391
397
395
331
356
374
363
356
372
368
414
378
379
382
370
379
365
361
405
357
341
399
381
404
382
358
362
360
378
403
382
383
402
388
373
357
375
363
383
365
410
376
390
387
363
375
357
358
387
394
379
393
347
387
393
375
339
384
385
400
348
395
366
381
402
386
331
391
353
406
388
396
366
334
350
397
370
388
372
313
387
386
354
372
397
372
392
374
398
405
356
394
395
381
390
383
372
384
367
357
352
359
365
376
404
414
357
392
430
425
394
412
347
397
377
379
368
383
397
385
345
359
411
411
391
394
415
380
380
374
363
373
397
402
396
392
381
394
398
387
384
379
380
384
400
384
390
381
394
397
377
382
388
422
403
364
383
393
410
419
356
380
385
371
409
392
404
353
396
401
404
388
354
387
356
365
387
369
377
377
389
381
406
398
380
365
419
384
396
375
380
407
390
377
388
365
396
371
412
376
388
410
404
367
354
397
400
406
385
377
380
400
390
388
394
393
352
379
376
395
385
406
391
396
391
384
390
393
362
421
368
393
376
400
367
381
415
366
363
374
387
435
366
397
401
420
369
411
365
395
426
388
436
367
400
386
371
369
406
381
408
387
384
378
433
393
391
412
395
392
394
397
393
446
381
370
381
399
404
371
382
381
438
399
396
385
411
357
378
398
389
382
384
416
383
364
419
372
401
379
414
366
399
378
397
407
400
378
380
372
374
409
368
413
390
430
399
413
380
380
383
428
423
405
406
418
401
432
416
366
381
452
415
385
396
398
399
438
406
392
415
406
419
437
441
403
403
394
391
402
410
391
443
392
409
392
410
413
428
406
407
444
388
417
419
420
400
429
450
377
376
422
403
414
413
387
390
398
422
413
411
418
395
398
389
400
417
354
407
361
369
384
414
397
405
405
434
388
379
394
453
418
380
396
426
414
396
385
423
438
395
447
375
428
396
420
402
357
403
409
427
414
414
414
407
402
422
374
413
441
419
418
386
442
390
437
400
407
422
378
415
411
419
451
448
433
404
428
404
408
412
431
396
430
449
381
417
382
392
434
408
442
410
444
421
424
400
401
427
415
422
405
435
435
433
432
405
419
415
441
429
418
433
409
418
420
412
443
412
411
415
410
416
371
428
388
392
419
424
394
396
412
407
432
428
396
435
382
416
390
412
420
429
416
429
416
424
394
432
424
431
430
409
423
400
407
406
448
393
428
436
410
415
425
440
411
405
408
385
410
379
388
434
429
423
433
433
414
421
392
420
419
395
420
416
454
446
385
426
421
425
450
401
429
437
399
375
429
425
386
404
410
423
421
411
435
439
395
410
427
408
398
417
394
440
400
448
415
393
402
441
435
421
432
410
405
400
428
397
415
387
414
419
376
425
412
429
397
417
453
365
421
412
436
430
426
427
399
402
397
384
399
420
431
379
422
417
395
366
436
383
412
418
419
424
395
400
430
413
423
423
422
444
382
401
428
408
432
455
379
411
439
443
429
403
368
420
422
395
415
402
401
451
463
404
414
411
432
446
394
403
391
421
461
443
408
409
420
411
390
404
411
426
430
437
434
460
409
393
439
399
372
412
401
399
436
452
403
419
377
437
421
427
427
415
421
408
415
372
409
398
452
418
400
395
417
441
383
436
423
393
410
418
397
412
418
401
400
418
392
451
434
441
382
438
381
393
402
438
386
402
391
413
413
426
412
383
435
420
390
427
400
446
393
414
393
356
420
383
402
415
426
417
421
410
416
427
414
460
431
368
435
394
459
420
411
386
399
414
442
427
427
404
462
376
388
407
401
392
405
429
438
403
438
422
362
436
386
421
398
422
409
399
380
434
415
395
366
447
387
396
444
435
469
383
392
381
399
399
386
397
421
419
421
396
394
367
391
381
427
390
386
391
379
427
407
414
394
434
393
407
387
397
385
421
434
394
365
409
381
420
388
413
393
387
403
390
422
367
435
393
402
424
392
409
416
399
422
361
377
390
381
420
393
371
407
417
403
403
387
380
415
398
390
398
380
367
416
382
360
342
379
388
388
369
408
383
392
377
373
387
372
373
416
360
395
408
419
382
370
374
381
356
406
389
393
390
389
382
375
356
420
399
365
386
378
382
385
392
378
388
367
369
405
413
371
404
376
374
417
401
369
362
395
373
378
357
417
350
363
378
350
358
388
379
369
382
360
401
366
393
376
385
376
350
391
411
398
375
370
369
399
347
354
381
372
384
362
367
377
402
365
345
396
327
360
378
360
383
382
374
373
382
335
391
330
353
351
327
372
359
330
370
345
374
366
374
336
341
360
356
360
356
337
368
331
379
384
347
350
383
355
367
361
398
366
343
393
366
371
364
343
337
350
358
356
334
346
346
340
353
336
356
354
369
351
344
339
334
343
366
318
354
353
377
366
332
369
354
320
353
321
351
341
357
331
342
364
320
324
332
360
338
387
357
324
373
350
364
317
350
341
366
366
361
353
334
326
342
355
338
330
327
338
345
353
344
321
354
339
331
325
359
332
306
316
357
343
352
341
341
317
329
325
329
373
298
366
330
330
340
355
349
302
325
349
318
321
332
346
315
309
303
333
326
284
315
314
300
350
306
318
324
333
326
372
308
290
290
311
352
301
312
327
301
313
317
350
302
365
329
310
278
305
293
335
308
308
319
337
296
326
323
320
330
304
311
296
333
351
315
310
336
339
287
296
303
329
303
324
325
326
327
289
316
308
282
297
313
306
324
331
286
292
327
307
264
313
302
313
272
320
279
290
289
291
259
324
299
316
318
274
295
311
326
321
300
325
292
315
276
275
306
299
316
279
352
299
310
281
294
308
298
313
288
325
309
301
278
301
292
298
286
287
298
322
299
303
318
280
327
293
298
314
297
322
313
319
278
277
296
311
313
283
318
298
306
300
305
303
277
307
297
329
290
277
274
305
290
297
302
294
309
297
303
308
261
299
252
294
270
275
293
303
292
294
260
295
306
310
282
290
274
272
289
286
288
274
298
297
284
298
309
286
284
282
278
281
275
302
283
271
270
283
265
287
284
301
262
291
298
299
281
280
271
292
274
284
284
273
272
268
269
281
291
267
269
273
304
309
267
300
313
287
261
300
268
262
271
277
286
292
262
270
268
277
244
283
290
262
287
286
295
249
257
284
260
267
285
274
251
271
302
289
297
266
270
269
272
259
290
271
299
295
304
263
267
276
290
261
262
277
241
235
265
293
285
278
258
294
297
262
283
278
303
268
267
278
283
272
272
265
275
256
269
249
255
251
281
282
280
269
279
282
287
287
288
269
255
281
300
283
265
265
249
273
266
289
260
312
269
264
242
257
272
283
274
269
258
288
254
295
235
271
287
251
280
253
263
285
281
297
266
279
265
280
261
283
307
241
276
280
286
289
288
270
257
270
279
271
241
277
288
281
295
274
270
239
260
255
278
260
253
257
252
255
277
309
236
281
230
260
249
279
235
309
260
280
299
267
271
268
254
251
273
278
260
257
277
294
305
255
269
255
256
279
245
238
262
234
289
267
280
297
281
290
283
281
266
293
265
246
263
256
274
271
296
251
282
266
224
270
310
247
285
255
245
271
259
257
259
259
258
218
269
238
234
255
251
270
262
279
279
237
252
281
270
274
227
249
299
268
258
291
248
263
276
289
261
270
252
241
262
266
252
296
266
293
240
257
251
282
279
260
268
224
273
257
261
279
231
282
250
272
285
250
259
259
297
305
250
270
263
271
262
286
294
268
275
240
244
260
254
268
268
239
246
264
232
257
254
282
257
249
256
238
231
253
252
283
262
260
251
238
259
273
288
254
242
298
242
231
269
257
244
236
245
255
252
241
253
249
261
253
253
256
269
227
270
274
233
252
237
236
218
245
243
230
263
246
238
257
248
261
245
268
269
243
245
250
239
276
252
228
227
247
245
242
247
253
229
246
260
258
243
246
257
270
268
235
240
265
222
258
257
232
239
263
246
263
274
248
256
256
285
253
300
258
263
274
233
247
247
244
279
244
232
239
248
249
235
270
235
284
261
273
240
239
245
244
248
269
256
226
257
274
229
250
243
230
275
244
224
239
227
229
259
241
265
248
260
240
270
253
210
223
255
220
249
273
250
228
234
244
233
243
247
259
246
259
252
252
249
219
237
258
253
240
264
225
243
229
218
241
242
232
254
243
222
232
263
237
253
258
264
252
266
242
260
270
251
238
260
254
244
252
214
233
252
255
261
240
242
239
251
250
254
223
235
238
226
236
229
249
239
207
249
232
240
231
249
242
257
232
234
221
245
279
246
212
232
251
243
250
262
206
263
265
247
223
230
214
262
259
239
274
250
264
218
248
248
259
228
244
242
249
244
266
249
246
226
263
269
253
260
243
239
266
272
237
256
235
274
281
257
241
248
273
259
267
241
244
258
222
276
234
260
235
254
252
235
262
254
267
240
247
239
253
249
276
248
266
242
248
274
270
245
277
263
266
263
259
241
260
250
276
274
241
263
260
295
248
284
272
252
242
293
270
230
225
296
268
250
274
248
289
287
244
268
262
269
278
270
293
239
237
287
240
265
290
268
282
252
281
285
278
288
243
267
280
295
271
290
295
301
280
279
289
295
278
306
309
284
280
286
287
315
287
255
303
286
302
311
299
268
295
286
296
292
288
302
310
303
306
331
312
337
337
293
342
306
320
316
313
300
301
330
321
325
326
327
354
343
354
331
323
357
333
324
348
313
346
336
349
347
364
381
335
366
322
376
357
376
363
355
381
351
347
387
330
386
361
354
346
390
370
376
393
392
358
365
358
389
392
406
364
377
375
374
381
413
403
398
423
402
392
400
430
421
420
384
399
423
391
440
458
376
445
425
435
468
432
457
397
445
433
451
465
472
477
458
477
466
447
458
457
473
498
443
445
452
503
451
464
466
444
474
486
469
508
504
484
496
540
502
513
511
494
516
513
529
507
520
557
505
512
501
508
532
587
560
570
549
603
529
527
552
610
540
542
576
599
522
586
585
534
570
591
562
590
588
544
589
576
600
600
617
629
596
618
611
662
626
635
599
618
609
635
636
660
632
665
656
678
618
649
626
678
657
643
681
673
648
650
681
635
672
676
616
654
734
705
715
705
637
709
674
668
682
755
697
711
695
757
768
735
648
720
745
779
728
714
750
802
713
768
734
746
748
761
728
783
759
750
745
795
812
773
750
788
767
787
769
818
779
819
803
791
814
832
785
806
754
880
782
791
834
764
809
818
788
838
785
813
769
886
831
839
822
836
842
933
887
895
852
844
883
869
873
903
924
824
909
874
879
894
889
877
896
865
886
921
925
922
938
913
943
943
906
917
908
897
896
940
963
906
979
941
957
927
921
907
982
992
916
970
957
964
939
922
947
944
958
959
945
997
976
936
1002
911
953
971
957
1017
1019
1006
977
1024
1006
931
947
981
960
966
940
970
992
1020
980
978
1018
944
951
1018
966
1035
994
1035
1032
1013
977
1024
964
981
960
969
987
1008
1005
1043
971
947
970
956
1020
944
950
958
947
1021
1064
982
991
966
1008
983
988
976
985
974
968
982
1005
958
1006
989
937
899
1021
1007
959
995
946
991
943
930
913
1008
936
959
963
981
1006
992
952
1016
968
945
952
971
998
927
951
970
953
976
941
932
985
964
969
926
940
939
942
993
886
938
971
920
954
948
917
918
968
943
903
878
872
933
891
860
900
933
968
895
950
902
890
912
854
927
915
927
807
872
873
865
892
848
893
903
845
845
857
863
813
824
840
770
838
824
843
842
809
828
840
815
796
788
836
815
839
817
817
805
777
874
794
784
810
826
810
840
796
811
770
779
741
721
756
750
771
743
721
720
762
724
742
760
720
744
745
712
691
720
724
711
690
670
675
750
684
689
660
675
680
682
626
715
643
641
675
608
655
647
641
638
648
616
593
642
605
656
620
598
627
619
604
621
602
596
595
633
543
577
598
600
625
601
562
607
613
548
585
614
589
570
521
544
555
524
543
513
548
503
511
522
506
537
518
484
488
506
504
511
478
504
482
501
449
464
476
436
490
465
478
464
440
483
442
403
450
448
445
420
477
443
443
384
406
438
431
377
394
366
413
396
390
365
394
413
376
384
384
396
382
385
387
376
376
358
373
376
372
371
372
402
322
369
349
377
349
358
376
363
339
353
336
331
320
348
315
308
309
310
312
303
302
290
317
299
280
302
305
288
270
296
312
320
296
290
271
291
277
289
271
269
307
271
260
262
259
269
274
241
248
238
228
264
266
242
243
282
280
257
252
238
224
237
246
236
214
228
192
236
235
213
196
206
187
204
242
212
204
226
202
197
201
207
244
195
222
206
194
203
191
198
180
166
208
182
175
206
192
175
191
182
168
191
180
187
183
196
179
183
206
191
173
190
173
204
167
152
160
188
164
170
154
170
171
177
163
151
155
170
179
167
149
148
152
169
172
175
167
157
170
166
146
142
141
163
158
161
172
166
150
164
172
154
143
169
154
150
150
151
175
129
149
151
155
151
150
131
175
157
148
156
117
173
127
140
140
146
167
156
150
133
155
133
147
152
142
132
138
145
157
156
148
144
138
156
148
136
150
157
162
162
132
156
154
150
141
145
155
170
147
151
148
138
140
143
167
142
160
149
167
165
170
169
165
157
168
145
158
166
151
167
142
163
141
175
170
162
163
159
168
170
171
183
164
167
161
140
142
165
159
171
157
195
177
164
180
177
193
168
174
188
169
180
182
171
199
190
195
187
200
164
210
172
183
210
163
189
177
184
211
180
183
198
185
195
187
207
195
220
219
178
192
207
228
202
194
222
213
220
226
211
223
187
211
239
227
211
224
227
211
205
235
224
267
223
242
224
198
260
231
227
237
254
231
222
246
241
228
256
250
226
203
268
245
270
297
275
286
267
241
275
305
276
252
270
272
262
272
263
292
262
259
249
298
284
301
289
298
299
299
282
295
275
280
293
273
304
275
277
291
321
313
329
313
329
286
321
296
326
315
352
337
335
336
353
317
317
313
342
384
333
362
334
349
383
336
318
413
358
329
334
367
393
341
345
354
355
378
346
397
3341
3395
3346
3309
3284
3418
3434
3298
3299
3395
3286
3390
3288
3316
3258
3330
3266
3297
3380
3327
3246
3180
3203
3244
3319
3200
3283
3188
3209
3293
3185
3233
3189
3135
3155
3207
3130
3140
3115
3049
3146
3002
3100
3100
3075
3117
3128
3036
3097
3107
3071
3064
3063
3026
3069
2943
3063
2962
3035
3096
3026
2872
2995
3087
3009
2963
2995
2916
2949
2896
2927
3029
3017
2921
2977
2816
2898
2917
2958
2913
3001
2964
2914
2898
2914
2789
2812
2898
2850
2789
2826
2755
2761
2712
2742
2678
2767
2774
2696
2709
2746
2652
2651
2691
2685
2727
2672
2641
2546
2691
2597
2706
2616
2580
2479
2552
2578
2478
2558
2535
2469
2455
2481
2504
2496
2441
2443
1167
