0
0
0
0
0
0
0
0
0
0
0
0
1
0
0
0
0
0
0
0
0
0
0
0
0
0
0
0
0
0
0
0
0
0
0
0
0
0
0
0
0
0
0
0
0
0
0
0
0
0
0
0
0
0
0
0
0
0
0
1
0
0
0
0
1
0
0
0
0
0
1
0
0
0
1
0
0
0
0
0
0
2
1
2
1
0
3
3
2
1
7
9
7
6
12
5
30
219
410
487
500
539
529
528
524
525
511
510
481
449
459
513
537
667
758
897
964
1015
1076
1117
1233
1267
1253
1352
1306
1147
1008
794
646
499
443
435
431
413
439
462
420
434
419
450
385
437
432
456
476
446
468
451
460
483
439
436
465
412
405
438
472
452
432
476
455
459
414
447
444
430
432
475
451
482
460
413
439
431
445
455
414
445
445
438
458
448
467
438
472
467
433
469
468
476
449
443
491
478
456
481
474
491
495
430
477
500
476
476
442
445
465
481
496
508
502
456
471
470
455
491
470
527
446
497
443
485
459
454
465
523
470
457
512
532
496
507
478
511
483
494
532
467
531
517
539
462
496
516
514
542
460
497
535
523
500
513
538
578
536
550
545
521
525
456
497
518
565
503
568
508
523
493
523
517
551
576
533
573
516
564
558
556
527
560
525
523
531
491
556
539
505
522
526
519
554
496
532
521
550
529
488
512
500
519
541
498
515
533
502
531
494
467
532
493
522
494
486
518
491
508
512
494
563
521
539
515
516
473
476
539
468
504
472
527
461
488
488
512
483
482
505
478
493
525
511
501
473
479
468
476
497
487
506
482
474
493
493
481
540
489
508
520
477
502
477
480
510
501
453
498
489
484
484
517
465
465
524
530
517
506
513
510
528
492
487
490
510
518
545
484
533
513
480
519
515
508
497
529
517
538
485
532
491
522
508
483
530
550
529
534
461
503
507
507
519
498
502
514
507
521
549
513
484
526
491
526
540
531
509
509
490
500
514
511
479
515
514
518
483
502
527
494
538
530
515
498
510
525
500
510
509
486
461
505
498
548
512
491
506
505
575
519
520
490
488
537
507
492
534
484
472
504
554
524
516
540
524
513
524
511
488
521
526
480
565
564
495
519
532
512
515
519
515
509
492
548
513
488
547
528
514
521
521
499
542
497
534
525
517
543
516
513
515
530
533
444
554
579
511
513
558
539
545
511
535
521
529
531
513
500
494
552
513
533
552
515
524
538
539
499
563
534
523
509
568
575
494
504
498
522
543
540
506
557
533
566
467
493
491
509
512
536
527
547
509
518
522
523
501
513
532
492
551
566
533
570
510
513
524
519
522
560
514
507
472
518
527
509
489
522
531
554
548
496
523
489
513
552
516
550
498
505
480
556
510
536
510
487
580
553
525
520
545
519
508
510
515
520
511
528
503
514
552
541
553
556
546
511
520
504
520
516
569
526
520
542
489
504
568
528
537
528
568
532
526
528
526
557
547
557
523
570
568
514
516
552
550
521
498
536
532
558
538
543
509
539
539
542
517
556
566
546
538
557
533
572
587
538
515
599
594
546
568
543
557
563
541
565
544
535
563
588
583
549
531
523
558
564
571
594
534
573
599
598
559
581
550
559
565
547
603
598
574
576
560
611
552
635
622
634
555
574
617
560
622
609
595
590
614
597
639
549
606
597
660
604
634
669
578
664
647
618
623
628
618
617
673
641
711
666
668
652
659
631
661
664
648
623
671
669
697
689
689
687
650
661
690
694
657
671
711
677
687
669
666
671
713
677
715
683
698
680
699
697
717
667
706
681
672
705
714
695
737
691
695
684
716
688
724
740
671
696
647
658
666
690
699
658
717
711
722
702
682
682
693
687
709
717
690
691
672
709
681
634
675
723
680
698
677
646
679
733
674
684
696
680
683
749
706
699
670
669
718
718
664
654
682
660
629
642
643
679
669
668
640
684
699
654
651
644
678
678
664
676
640
681
622
724
650
655
650
684
665
647
678
667
697
674
666
655
666
664
656
621
603
652
598
618
627
620
624
674
609
609
627
614
638
614
605
628
641
645
627
649
643
637
616
621
669
644
659
651
588
641
616
650
582
634
637
638
610
581
619
598
625
590
596
625
605
626
666
626
650
648
591
622
603
651
626
571
653
621
632
616
595
596
617
585
639
596
571
594
641
580
591
591
616
616
635
593
576
581
586
609
597
621
641
624
583
609
578
585
607
601
612
634
613
571
553
577
590
586
590
612
586
572
582
648
579
550
572
609
625
606
567
640
549
561
602
613
581
575
574
608
631
602
544
619
567
614
584
570
541
609
566
570
583
586
604
571
594
598
576
601
614
568
591
575
579
551
584
572
564
586
568
571
589
587
555
550
576
568
563
572
561
594
597
621
579
569
563
570
602
621
583
565
611
567
566
566
560
559
579
550
549
571
574
553
586
589
567
553
552
570
573
520
600
545
538
563
546
590
556
545
576
601
539
559
561
559
575
574
559
559
562
583
591
578
554
542
581
578
621
588
537
559
557
546
556
570
629
558
588
564
527
584
527
541
579
569
537
553
591
551
559
530
512
522
550
568
525
579
561
529
541
556
540
552
545
538
553
548
531
575
525
552
518
552
538
540
567
512
533
545
547
513
544
577
531
531
510
527
519
577
524
528
522
563
588
535
582
530
532
542
503
521
507
569
496
524
529
519
553
543
518
519
533
576
514
525
559
530
524
522
505
534
523
567
527
497
544
518
535
523
518
526
511
513
504
542
526
500
497
530
497
515
493
533
529
526
471
532
543
563
531
553
540
558
526
539
520
500
490
541
508
537
520
513
523
485
521
509
531
546
485
472
535
489
510
527
492
517
509
518
487
484
513
544
527
510
509
504
531
536
468
519
506
544
495
526
503
522
535
455
515
503
532
515
515
508
555
526
577
504
550
485
519
516
475
439
531
507
530
499
511
509
536
550
525
524
516
518
503
527
480
497
511
502
483
460
459
537
525
462
481
493
496
519
492
523
482
507
494
506
538
515
496
530
447
477
499
475
479
504
488
486
492
501
468
474
480
527
522
497
495
481
517
531
500
513
476
491
492
466
532
458
485
492
501
542
489
519
495
497
476
499
467
495
505
515
487
488
481
494
510
495
529
481
472
512
504
511
501
488
503
504
541
487
471
488
516
482
498
506
496
481
481
520
474
490
472
489
507
524
524
503
490
495
518
471
533
509
501
484
483
503
492
524
496
454
486
525
515
470
444
529
484
495
489
494
479
526
498
507
505
482
479
503
505
508
494
486
485
486
521
480
470
484
490
482
454
498
492
463
457
478
475
500
490
486
538
466
488
493
489
454
495
480
505
476
446
490
495
467
492
473
454
476
472
465
473
491
463
505
492
490
480
479
515
517
491
479
470
501
451
480
478
485
474
470
469
458
472
501
461
466
501
467
474
491
465
496
459
454
472
481
489
503
510
500
454
519
478
444
471
469
480
460
489
458
481
443
460
466
473
529
505
489
499
486
491
491
479
500
473
458
485
505
495
494
486
500
484
479
490
477
506
453
459
450
455
531
513
449
473
467
466
488
463
456
480
481
441
481
474
480
461
477
479
519
511
476
470
459
462
421
456
488
503
516
467
484
466
468
483
478
488
507
486
458
487
477
452
489
496
461
486
501
474
508
517
486
504
486
455
478
454
450
476
488
472
444
484
479
498
511
480
459
438
458
478
487
452
457
455
488
492
487
554
474
458
501
466
464
481
450
499
453
478
540
471
505
478
494
457
508
443
494
486
482
499
467
497
520
515
483
456
492
506
472
501
499
468
451
513
478
472
488
485
458
463
499
466
505
433
479
456
453
484
464
505
467
429
465
497
488
481
462
491
452
484
475
496
509
467
479
440
476
498
462
447
500
454
473
462
487
472
464
464
479
522
464
492
477
475
467
495
472
463
496
484
473
439
526
470
451
458
445
531
516
507
461
496
516
477
498
481
476
493
461
508
482
473
443
430
475
471
458
455
483
472
482
470
485
444
475
482
496
478
456
472
476
463
477
462
443
486
466
438
487
454
485
464
472
439
477
476
472
495
479
477
507
501
470
475
471
497
520
466
495
484
475
478
501
520
456
484
506
488
475
487
459
515
490
482
452
488
467
473
488
445
454
540
494
467
507
494
492
505
497
476
471
507
489
477
507
450
465
496
492
462
449
475
497
481
497
455
463
478
468
465
504
451
477
525
485
497
482
464
480
468
495
453
455
469
514
475
414
493
512
444
486
484
479
497
475
482
493
508
503
479
480
480
465
452
514
487
527
482
473
483
433
451
486
509
448
465
481
453
475
463
478
459
539
465
472
475
481
468
470
454
457
455
407
491
469
482
522
506
506
494
500
461
471
470
483
497
473
490
473
479
476
450
493
488
434
492
490
484
499
481
501
520
472
496
451
489
517
503
519
517
454
485
464
530
466
460
467
460
485
458
424
471
457
452
468
439
489
455
475
459
440
481
497
513
491
447
440
470
453
452
461
504
466
466
471
481
459
488
458
451
521
469
509
497
482
470
481
454
460
453
487
512
492
508
485
473
438
440
474
449
491
504
495
452
445
470
483
473
504
497
484
475
455
476
514
465
445
498
440
466
487
481
466
474
488
478
493
482
499
478
477
453
489
486
515
498
481
491
473
483
469
466
499
466
474
500
471
464
442
479
529
448
446
489
466
490
505
513
483
485
430
462
523
499
458
475
477
515
479
467
488
506
449
525
486
510
510
482
465
467
458
460
473
520
467
445
427
469
498
468
478
453
480
545
469
466
459
486
473
456
510
458
494
476
461
519
455
477
471
502
468
464
487
514
496
463
454
512
477
482
493
516
483
415
495
483
475
488
496
485
514
520
488
493
469
503
495
497
473
459
480
498
501
452
508
479
472
511
470
493
478
526
507
517
473
466
452
461
455
473
465
501
495
471
496
486
484
489
531
503
482
461
485
462
497
471
435
499
503
500
526
493
481
451
470
454
469
495
506
449
485
481
468
521
441
485
504
467
495
500
505
449
464
474
453
474
481
480
502
476
501
479
504
448
508
497
495
476
518
477
492
489
455
504
511
484
531
479
452
514
440
488
463
503
481
468
492
476
507
487
467
513
549
509
477
491
479
452
479
481
490
484
523
515
554
478
472
451
514
491
475
513
508
489
456
522
482
468
458
458
512
525
519
492
476
480
492
499
505
495
460
507
471
462
490
488
514
463
503
507
498
474
504
481
512
497
491
497
484
483
520
499
514
475
484
472
460
491
508
481
453
497
498
505
471
506
536
508
469
499
504
515
508
494
524
506
502
476
505
512
467
487
512
471
536
484
481
514
504
511
521
497
491
508
502
505
488
504
485
479
511
501
463
467
493
479
477
455
507
493
511
533
503
515
489
472
484
499
486
522
506
525
545
505
535
520
531
492
440
499
526
500
501
524
519
536
494
515
512
508
495
530
525
553
517
509
517
510
493
501
472
521
519
518
511
508
521
505
498
490
500
468
505
528
496
524
505
508
520
493
499
563
507
516
505
490
554
517
520
493
509
565
502
516
544
521
482
493
537
520
486
538
486
512
503
545
501
485
505
496
517
496
520
529
531
521
499
522
525
562
481
477
481
510
515
520
520
500
466
547
469
513
519
514
504
488
498
562
519
490
506
538
542
524
511
557
539
512
506
527
505
517
524
538
566
512
489
510
535
521
478
486
449
495
478
471
525
518
519
530
504
530
524
523
501
468
501
515
506
560
499
540
463
503
498
495
521
529
520
529
528
594
524
553
500
536
475
545
511
478
480
525
494
522
502
495
532
516
551
566
517
528
543
523
535
493
508
507
532
554
505
525
507
532
523
505
514
516
519
517
522
498
520
520
526
531
539
548
512
548
527
508
502
533
507
509
548
522
481
522
515
556
523
511
542
506
521
580
500
508
536
524
519
507
536
529
514
543
511
534
514
538
530
542
512
548
499
484
551
522
520
524
486
546
486
532
549
538
521
535
560
557
523
515
531
578
566
558
522
517
540
584
519
515
563
548
567
534
516
553
504
525
507
534
523
537
507
524
546
547
461
551
528
527
588
481
539
546
518
498
539
552
524
536
520
544
550
498
576
557
548
571
532
537
512
536
540
534
534
539
591
547
543
532
574
533
528
518
533
523
538
551
537
572
534
560
560
514
512
558
542
546
559
520
557
595
554
544
578
540
546
555
545
537
556
573
552
594
559
532
547
529
571
571
550
569
540
577
536
559
580
529
553
524
503
553
544
541
555
562
570
558
554
551
527
539
558
588
562
541
562
538
583
557
533
636
587
597
574
554
579
542
542
525
564
550
564
543
575
535
555
555
525
550
534
510
562
616
589
537
620
592
553
564
597
580
559
524
571
551
524
556
547
588
605
574
572
585
563
571
552
583
606
578
567
517
567
572
569
581
530
569
590
541
559
615
562
575
568
599
546
599
575
600
563
587
560
625
515
587
513
568
570
520
605
550
568
555
612
598
560
567
597
530
593
528
582
565
540
619
591
500
557
603
610
562
556
579
550
564
587
605
590
601
605
584
531
593
573
546
612
628
579
579
590
599
626
560
568
570
593
561
580
620
590
572
554
586
604
570
572
588
605
621
544
594
607
604
577
607
575
608
599
588
580
575
600
592
600
586
599
635
557
574
571
574
573
552
655
610
584
652
590
594
583
595
591
613
578
584
600
547
597
570
568
616
623
529
594
569
636
575
621
581
622
619
621
624
595
608
618
599
624
585
564
611
649
637
554
617
605
585
640
624
579
622
571
582
607
570
571
644
605
558
622
651
585
563
624
588
605
606
659
600
591
588
588
645
609
598
640
583
577
588
586
610
601
572
619
620
599
646
623
582
649
590
601
627
581
608
605
586
649
629
593
622
620
652
592
615
610
629
576
576
638
608
613
633
621
592
557
598
582
593
603
576
608
610
595
572
606
560
599
633
637
594
578
608
640
619
581
605
618
590
602
642
625
581
543
559
575
650
617
585
574
588
585
607
583
591
598
571
616
597
607
579
592
594
591
615
583
652
549
610
577
605
592
619
602
608
620
600
612
599
632
587
618
601
645
616
609
582
560
594
615
581
606
603
576
596
596
602
571
594
619
584
609
593
603
584
597
597
602
552
602
602
627
589
611
563
575
577
615
571
626
566
602
612
561
605
583
574
586
562
603
577
590
566
541
611
575
561
602
585
557
587
600
575
575
556
559
509
600
545
579
543
613
541
586
542
563
557
534
569
578
553
601
579
551
544
570
565
589
577
576
588
562
586
573
513
569
564
598
561
560
603
520
569
586
567
597
587
575
578
532
570
574
532
578
511
599
588
577
558
558
588
523
543
538
558
559
575
596
529
595
517
559
561
513
545
522
568
535
523
520
562
524
581
520
529
559
531
504
503
567
534
504
523
512
509
525
546
506
537
512
530
491
556
493
507
517
527
487
579
534
517
510
511
534
494
522
509
543
468
491
533
524
515
503
522
513
497
522
520
518
496
530
499
509
524
510
515
515
488
509
536
506
452
493
498
475
495
540
477
503
524
484
525
510
488
447
502
468
466
488
463
476
480
493
492
459
499
486
466
450
463
468
488
465
499
463
438
457
484
478
461
464
422
431
468
481
435
460
415
461
444
458
478
467
431
473
454
465
468
405
467
448
482
408
480
424
435
437
434
489
439
449
440
442
475
474
424
461
453
434
418
427
409
421
435
414
452
442
461
432
453
451
423
430
439
442
448
419
472
439
412
420
422
419
459
429
386
408
433
462
429
419
435
433
460
426
426
428
374
421
425
421
423
406
429
394
443
415
409
398
406
419
437
443
445
393
398
418
431
389
437
377
453
418
383
422
425
450
457
397
392
406
403
485
397
388
391
360
427
380
392
384
432
419
447
403
406
431
420
422
397
417
423
398
387
391
395
415
407
438
406
393
393
405
369
424
389
413
361
412
427
369
385
406
383
384
401
396
410
387
389
381
373
402
415
408
397
414
393
374
359
419
434
398
387
377
391
400
406
375
373
364
397
398
379
389
394
405
388
365
404
401
378
347
384
423
371
363
413
353
420
378
383
382
366
415
349
387
396
388
383
405
416
371
376
393
412
416
370
376
368
389
373
400
388
392
385
388
376
380
366
380
418
336
384
355
363
371
370
360
393
376
397
365
380
382
392
355
374
379
411
378
385
363
401
380
374
416
400
362
355
385
378
356
350
347
371
384
368
395
384
364
345
363
372
416
350
368
422
386
336
375
375
375
356
370
348
384
356
373
373
414
371
393
362
358
375
376
342
374
367
325
384
331
376
374
400
368
361
346
361
353
338
357
367
385
393
352
377
359
368
377
352
334
353
380
358
358
344
385
398
397
404
379
368
372
365
369
354
368
370
378
360
355
368
364
339
341
359
373
367
367
357
367
358
339
366
362
358
335
322
357
357
350
338
365
363
336
343
329
349
323
372
381
343
352
342
349
350
338
350
343
358
363
337
350
348
322
358
363
354
381
393
348
340
406
327
345
340
366
359
344
371
340
349
322
341
380
341
352
379
346
325
345
330
363
340
360
357
366
353
351
373
334
346
332
359
360
361
388
319
353
393
374
377
384
332
325
368
367
328
358
345
327
364
352
363
352
359
342
362
342
381
369
357
337
367
361
345
387
399
357
368
381
369
358
401
360
352
361
358
387
360
394
393
368
368
395
375
377
383
402
370
410
411
377
411
408
421
416
402
389
446
425
387
378
430
416
402
379
423
450
408
437
403
395
501
462
482
425
433
438
452
440
458
469
480
463
450
419
477
464
483
502
452
485
462
526
506
533
470
507
512
501
512
522
488
546
517
553
560
537
546
530
545
576
586
597
609
587
575
573
615
628
624
594
588
612
605
660
629
630
627
642
626
624
646
637
654
673
669
706
639
728
745
708
721
764
703
747
733
744
713
739
743
736
740
799
808
819
760
818
765
817
864
821
861
818
783
809
888
809
810
893
811
896
961
936
887
900
855
929
926
947
913
918
1009
933
990
948
981
1031
1002
990
1006
1010
1007
1080
1067
1077
1014
1069
1064
1046
1110
1144
1045
1093
1076
1168
1138
1165
1120
1153
1164
1138
1181
1136
1160
1169
1237
1224
1164
1214
1216
1247
1234
1243
1278
1257
1256
1302
1248
1240
1229
1288
1321
1224
1343
1328
1287
1322
1325
1273
1313
1351
1336
1296
1347
1378
1303
1371
1296
1355
1351
1368
1368
1381
1326
1362
1337
1346
1338
1405
1370
1383
1403
1419
1380
1323
1411
1456
1400
1414
1482
1421
1437
1423
1493
1519
1451
1392
1441
1386
1448
1419
1390
1391
1415
1429
1446
1355
1432
1415
1475
1443
1474
1442
1486
1402
1391
1380
1389
1421
1509
1376
1486
1367
1354
1425
1363
1382
1364
1364
1300
1414
1383
1397
1359
1352
1294
1298
1390
1326
1367
1313
1332
1365
1358
1371
1293
1297
1296
1272
1297
1326
1297
1264
1329
1209
1316
1280
1266
1205
1230
1245
1199
1188
1191
1181
1164
1190
1181
1215
1160
1128
1116
1148
1028
1140
1137
1095
1103
1120
1092
1057
1109
1013
1124
1036
1049
1024
1044
1005
980
1002
1020
987
991
966
943
935
974
952
960
953
919
901
896
910
846
910
919
845
879
844
813
843
824
820
791
824
781
790
802
773
748
757
760
712
769
725
723
721
699
665
739
671
638
649
642
670
664
615
613
626
667
628
603
583
589
586
545
569
541
560
563
551
596
556
513
505
512
543
477
507
506
486
440
470
462
458
449
455
451
423
462
418
400
374
408
423
391
411
415
378
375
369
383
354
344
369
361
344
337
331
322
340
315
365
308
319
310
307
289
283
308
287
323
302
304
282
268
294
283
267
250
278
288
272
246
233
252
259
238
244
258
223
200
232
237
226
246
245
226
230
220
198
243
232
233
241
233
221
221
231
203
222
219
228
207
214
220
215
214
203
198
226
217
205
206
208
206
208
182
190
229
218
231
214
201
204
197
201
230
226
203
234
199
220
219
235
236
210
195
215
195
209
213
236
216
211
230
224
255
223
234
246
241
222
251
234
259
249
255
262
251
267
233
262
213
222
244
277
236
281
276
250
268
292
266
282
266
266
307
252
319
286
293
263
297
297
310
301
311
296
316
282
333
325
326
335
331
333
317
362
358
347
318
339
334
335
398
372
367
378
355
374
373
380
394
390
397
408
446
385
422
411
421
450
416
427
426
395
427
442
444
484
434
457
451
474
463
471
520
488
535
501
523
488
519
496
541
525
558
522
532
486
581
553
592
540
572
598
577
623
595
633
621
590
571
612
654
630
624
703
628
645
645
661
735
717
665
681
631
702
687
682
777
715
712
733
745
711
684
734
781
807
754
812
793
798
813
783
843
764
794
852
850
821
797
893
856
869
871
842
930
880
907
851
920
918
973
886
874
958
929
902
942
960
918
918
936
954
941
991
916
922
984
947
1056
989
1010
953
1036
993
1010
1035
1014
1004
1020
1004
1009
1045
1016
1071
1031
1055
1058
1060
1098
987
1096
1117
1099
1135
1057
1115
1150
1157
1116
1104
1109
1173
1091
1119
1120
1100
1135
1082
1135
1160
1133
1111
1111
1095
1105
1116
1082
1113
1184
1145
1142
1130
1167
1146
1142
1088
1152
1117
1099
1184
1149
1050
1135
1213
1126
1110
1125
1034
1141
1152
1141
1135
1083
1102
1206
1187
1103
1081
1190
1161
1162
1107
1110
1118
1084
1115
1118
1144
1147
1125
1084
1075
1157
1098
1092
1107
1089
1041
1032
1044
1043
1068
1040
1007
1025
1051
1034
1110
1075
1014
997
979
1065
989
994
961
1018
1011
940
998
969
913
996
1002
916
977
1000
948
976
948
932
935
884
934
926
954
920
917
879
880
858
827
864
873
888
827
855
789
917
796
830
785
796
782
779
772
770
749
803
743
714
696
734
691
725
704
690
753
704
674
706
687
696
679
628
635
607
564
622
598
604
598
615
615
634
571
574
562
573
608
574
551
592
523
567
554
534
505
520
459
489
520
450
492
499
482
482
451
464
443
428
431
445
403
439
379
420
420
378
384
422
378
373
352
356
376
349
348
370
379
348
335
317
344
331
303
309
295
307
326
283
305
296
289
286
275
277
254
282
281
243
245
252
247
231
230
214
218
213
199
216
226
206
226
211
200
214
177
203
170
169
186
189
184
154
152
169
195
154
161
146
130
143
163
151
147
137
148
138
134
129
136
126
133
134
116
106
116
129
94
126
116
100
108
108
92
110
113
98
100
97
81
96
84
82
95
80
90
87
80
78
86
77
80
71
67
83
68
78
61
66
68
65
71
65
59
61
53
71
50
63
62
61
57
55
52
34
54
50
53
49
58
54
70
49
49
43
50
61
38
52
52
54
40
46
57
40
41
33
41
39
40
29
43
46
44
33
37
33
36
33
31
26
35
24
37
35
29
33
38
38
45
24
42
17
32
32
39
26
23
38
29
23
27
21
17
31
30
32
38
25
22
25
31
20
23
21
22
21
29
23
23
19
24
24
17
21
28
23
12
28
17
20
17
22
25
13
31
21
28
20
12
21
21
15
19
18
16
18
21
17
22
24
20
11
20
23
22
28
18
26
11
21
20
17
28
18
23
16
17
16
15
19
16
15
14
15
14
17
15
16
12
22
15
20
13
12
14
14
15
14
15
16
16
15
12
16
6
19
15
13
12
12
17
12
16
13
14
11
8
23
7
14
15
20
16
18
16
13
20
25
18
14
19
16
10
18
10
9
7
14
6
20
16
10
9
12
15
14
13
10
15
10
10
8
7
12
11
14
14
14
13
11
7
15
9
15
16
5
8
11
21
13
8
14
16
15
15
9
10
11
18
7
11
14
8
12
11
12
10
15
9
9
15
6
8
8
8
10
11
7
13
9
9
17
10
7
8
11
6
4
11
7
6
9
13
10
8
9
15
3
8
6
7
9
11
12
20
9
11
10
4
11
13
7
7
15
15
9
11
12
12
5
8
14
16
10
9
11
6
9
13
16
8
10
14
9
6
6
16
5
8
6
10
8
8
15
6
9
5
14
6
8
10
7
10
15
5
11
4
18
10
3
10
6
7
7
7
6
6
5
6
7
8
10
12
8
11
3
5
9
7
11
12
13
12
6
6
10
9
7
9
9
3
6
7
6
7
8
6
5
10
8
6
8
2
6
7
9
11
7
9
3
7
8
9
9
12
8
12
5
7
10
11
6
9
11
6
7
12
8
11
10
8
4
5
7
7
13
12
7
5
7
6
6
8
11
4
6
12
8
9
15
4
9
5
2
9
8
10
10
10
10
6
7
10
7
5
3
2
3
11
11
14
4
7
5
7
4
8
6
3
2
6
4
6
7
7
10
8
9
6
10
4
7
8
10
8
9
9
8
5
9
9
5
7
8
6
12
3
8
11
2
9
10
7
3
7
8
12
8
10
6
8
9
11
8
7
7
8
6
7
5
6
8
12
15
6
5
4
4
4
8
9
8
12
8
10
6
11
7
7
5
6
5
6
5
6
5
5
9
3
7
3
5
7
6
6
6
8
7
15
5
11
12
3
5
5
11
5
13
6
7
11
5
9
10
4
4
10
4
5
5
6
11
4
8
7
10
7
9
3
5
7
5
8
4
9
5
6
7
3
8
6
9
15
7
4
9
3
9
9
6
4
4
7
4
6
5
7
7
11
7
6
6
9
4
4
3
7
12
4
16
4
7
12
13
2
7
14
4
8
7
8
8
5
7
9
7
7
10
6
5
6
5
6
2
9
3
5
6
7
6
7
2
10
4
8
8
4
13
8
6
3
10
6
4
7
6
2
7
4
6
10
3
6
7
9
7
5
7
5
9
4
7
5
4
3
7
11
9
3
7
8
3
6
5
4
11
6
5
8
5
5
8
2
5
7
8
5
3
2
5
5
4
3
4
14
7
6
8
4
3
4
4
3
7
5
4
5
9
6
6
5
8
11
7
4
4
8
5
7
5
10
6
5
8
5
6
4
11
6
8
5
9
8
4
6
7
2
4
4
5
7
3
7
9
2
2
6
10
11
4
6
10
3
9
5
3
6
7
3
11
2
6
7
14
7
4
6
7
3
5
2
7
6
4
5
6
4
2
4
11
5
6
5
5
4
9
7
7
3
5
6
4
4
2
3
6
4
4
6
6
6
1
5
11
8
1
11
6
3
2
6
4
3
6
4
3
3
7
7
6
6
4
4
7
6
8
5
4
6
4
6
8
3
4
3
2
7
2
2
6
7
2
4
4
5
9
4
10
3
1
2
4
5
7
3
7
5
8
8
5
8
6
8
3
3
5
6
3
5
5
7
4
7
3
8
6
9
5
6
5
3
3
5
3
4
6
9
6
10
5
7
6
4
8
1
5
3
1
4
6
3
5
5
4
6
5
3
7
9
8
12
5
8
6
4
5
8
8
5
5
6
4
6
4
4
6
6
7
5
8
3
2
6
5
9
9
10
2
6
11
8
3
6
4
2
3
6
3
2
5
4
5
4
3
4
3
6
2
3
3
4
3
6
3
2
4
8
8
4
4
3
3
4
3
5
4
5
3
2
6
4
6
0
3
3
5
5
3
3
1
9
8
3
7
7
3
4
1
6
7
7
6
3
4
7
6
3
4
3
6
3
6
2
6
5
7
5
3
7
7
5
7
4
0
5
5
3
2
3
3
3
7
3
6
7
2
3
4
5
6
5
2
3
1
5
3
6
7
6
9
6
10
5
4
3
2
6
7
4
5
10
1
8
5
3
6
2
4
6
4
4
2
2
3
5
10
10
4
5
4
3
4
7
10
6
7
6
5
9
4
6
4
5
4
2
5
3
3
1
8
3
3
6
6
6
2
11
6
5
6
4
6
6
5
6
6
7
2
1
8
3
2
4
10
1
3
7
5
5
4
7
3
4
3
4
2
7
5
10
7
4
7
7
6
6
2
6
4
8
3
3
1
4
7
7
4
4
5
3
4
6
5
3
3
4
4
8
7
4
2
2
3
2
2
5
5
4
3
3
13
7
5
8
5
4
2
7
3
4
3
4
3
5
7
2
2
6
7
2
3
3
5
7
5
1
6
3
8
4
5
4
6
7
2
3
3
4
8
9
4
4
2
2
6
7
1
5
5
1
2
1
4
2
3
5
3
3
5
8
3
4
6
5
4
3
6
3
1
2
5
6
3
4
1
7
5
6
4
3
6
8
5
9
4
4
1
7
3
4
5
5
4
3
6
3
3
7
6
5
3
3
2
1
2
4
6
4
2
5
6
4
2
2
3
3
3
1
5
2
7
4
4
5
5
8
6
3
3
5
2
1
3
5
1
5
5
4
4
7
5
1
4
3
5
2
4
4
4
8
4
5
5
2
4
4
3
3
6
3
1
2
2
9
5
7
4
2
4
4
7
2
3
4
3
6
2
5
2
5
2
4
4
4
1
3
5
3
5
2
2
7
6
4
6
1
3
5
5
3
1
2
4
6
4
4
3
6
7
2
6
7
3
3
5
3
4
5
1
8
4
3
8
5
8
3
2
4
3
4
5
2
2
3
2
4
5
5
4
4
6
6
7
4
1
3
3
4
5
4
9
4
8
5
4
1
4
2
4
3
4
4
4
0
1
4
6
6
3
4
4
3
4
2
4
6
4
6
1
1
3
7
4
2
3
5
3
2
4
3
7
4
5
5
6
1
6
4
4
4
2
0
7
6
3
3
3
3
4
3
4
4
7
3
3
3
4
7
2
6
1
2
5
1
2
4
5
1
5
3
6
2
3
2
5
7
6
4
2
4
2
6
3
5
3
6
5
3
5
1
2
5
1
2
5
6
2
1
6
4
4
4
3
5
1
4
3
2
3
6
2
1
6
5
7
3
3
4
4
1
4
2
6
5
6
3
3
6
5
4
2
2
4
5
4
7
3
5
3
1
3
6
0
3
3
3
3
2
5
3
1
2
2
6
5
2
2
2
4
1
8
2
2
2
7
4
3
0
7
2
2
3
4
4
3
2
7
4
3
6
6
0
3
2
4
1
5
3
1
4
5
2
4
3
4
3
2
4
2
4
0
3
4
4
4
3
4
2
1
2
3
4
6
6
5
2
4
5
4
2
3
2
5
3
3
4
3
4
4
3
2
7
1
6
5
1
1
5
6
6
3
3
3
1
4
4
2
5
5
3
2
3
4
2
3
2
4
1
7
5
4
3
6
2
4
3
2
4
1
4
3
5
4
3
4
1
2
5
2
4
2
4
4
3
2
1
2
2
6
3
5
5
2
3
5
4
5
1
6
3
3
5
3
2
4
3
5
4
3
4
1
2
3
2
3
4
5
3
4
2
6
3
2
5
2
1
4
6
4
2
3
3
2
3
2
3
5
2
4
2
2
4
3
6
4
4
3
2
4
4
6
7
7
5
2
3
2
3
2
1
3
5
2
4
5
1
3
0
4
1
2
6
2
2
4
2
7
5
4
1
4
5
3
2
1
4
4
2
2
0
4
1
2
3
2
4
1
2
4
5
2
6
1
5
5
1
3
5
2
2
3
4
0
3
3
4
3
3
4
6
3
5
0
5
0
4
3
3
3
2
2
2
0
4
5
1
4
1
5
3
3
4
3
5
5
3
3
2
1
0
3
4
6
1
7
3
2
1
2
4
1
4
1
4
2
4
3
2
0
1
6
3
4
1
2
2
4
1
4
3
3
1
3
4
4
2
4
2
3
3
2
5
2
5
1
4
0
6
5
2
2
7
3
6
2
3
2
5
4
4
3
3
2
1
5
1
2
1
3
0
4
1
4
5
3
2
0
1
1
3
1
5
2
2
3
3
2
3
1
4
1
1
1
5
3
2
2
1
3
1
0
3
6
2
1
1
0
5
1
4
2
1
1
3
2
5
2
0
5
3
2
3
2
2
1
2
1
3
2
3
3
3
3
3
3
6
1
3
2
1
1
3
3
1
3
2
4
4
1
1
3
3
1
3
1
0
3
3
4
2
5
4
2
1
1
1
1
3
4
2
3
7
3
8
3
6
1
4
5
0
3
1
3
2
5
1
1
2
2
3
2
2
3
1
2
2
2
2
2
2
2
3
5
1
2
3
7
1
2
2
3
4
2
1
3
1
5
2
4
3
2
1
1
5
1
3
2
3
3
2
3
5
4
2
3
4
1
1
5
3
1
3
2
3
2
0
4
3
2
4
2
4
2
1
2
2
4
4
0
0
1
2
2
2
4
1
5
2
2
2
3
2
4
3
8
5
1
3
1
2
4
5
0
4
1
2
1
2
4
4
1
1
4
2
2
1
5
2
4
3
2
2
2
4
3
5
0
2
4
1
1
1
5
2
0
2
5
6
7
1
0
8
1
1
0
4
3
3
1
2
4
1
1
3
3
2
2
1
0
2
3
3
7
3
3
4
6
3
4
2
2
7
5
7
3
1
5
3
3
3
2
3
4
5
3
1
3
1
2
1
4
3
0
2
4
1
3
2
3
2
2
0
1
3
1
0
2
2
2
4
2
3
1
3
5
3
4
2
2
4
1
3
4
0
1
3
1
4
1
2
2
3
3
0
3
4
4
4
3
4
1
1
1
0
2
4
3
2
1
4
2
2
1
0
1
5
2
3
2
0
3
7
1
0
1
0
2
2
0
4
4
6
2
4
2
5
4
0
4
4
2
1
1
3
2
2
2
3
2
6
4
0
5
2
2
3
2
3
3
1
3
4
2
3
1
2
6
3
2
2
4
1
3
3
4
3
3
3
3
2
1
2
0
3
2
1
2
3
1
3
3
2
3
1
2
5
4
0
3
1
0
1
1
2
2
2
3
2
2
0
2
2
3
2
3
2
4
1
2
1
1
2
3
3
3
0
3
1
3
2
1
5
3
2
3
5
3
2
0
1
0
5
1
3
1
4
2
2
5
3
0
0
3
2
3
3
6
3
2
2
2
5
2
1
1
1
1
2
3
0
3
3
1
1
1
3
2
1
2
2
4
7
4
2
2
4
2
3
3
3
4
1
2
1
1
1
1
2
2
1
1
4
5
4
1
2
2
1
0
0
2
2
1
3
0
3
3
2
1
2
3
4
1
4
1
0
0
2
6
2
2
1
0
1
3
3
1
2
0
2
3
0
1
0
2
0
4
2
2
0
1
3
0
2
2
5
3
0
2
2
2
2
5
1
2
4
4
3
1
3
4
1
4
2
2
1
3
1
3
2
3
3
0
1
1
1
1
2
3
3
4
3
2
2
2
1
2
3
3
3
3
1
4
0
4
1
1
1
2
3
0
4
5
2
0
2
2
3
2
2
0
3
2
0
1
0
2
2
4
3
4
2
0
1
2
1
0
2
1
3
0
1
2
2
1
3
0
1
2
0
2
0
4
0
0
2
3
0
0
2
5
1
3
2
1
0
3
1
1
1
1
0
2
1
2
2
2
6
3
1
1
0
0
1
1
1
2
0
4
8
1
1
3
0
2
2
1
4
3
3
4
2
2
0
4
2
0
3
1
1
3
2
3
5
3
1
3
6
3
1
4
1
3
1
5
5
4
4
2
1
2
3
1
3
3
0
0
3
1
2
1
2
1
4
2
2
1
2
0
1
2
0
2
2
1
2
1
5
2
3
0
0
1
1
1
3
1
1
2
0
2
2
2
1
4
3
0
1
2
0
3
1
2
3
3
0
1
1
0
1
1
2
1
4
2
1
2
0
3
0
2
0
3
2
2
0
3
0
2
2
2
1
4
4
1
2
0
3
0
4
0
0
1
3
2
3
2
1
0
3
1
1
3
2
5
0
1
3
3
0
0
2
1
1
1
3
1
1
4
3
1
0
0
2
5
2
0
5
3
1
2
1
0
5
1
1
0
4
3
1
1
2
1
2
3
4
0
1
0
0
1
1
0
1
3
0
2
1
0
2
4
3
0
1
2
1
1
2
2
2
2
1
1
4
1
3
1
3
0
1
3
3
2
4
0
3
1
4
3
1
2
0
2
4
0
0
1
2
0
0
1
0
2
0
1
3
2
3
2
2
2
2
0
0
1
0
3
1
0
1
2
0
2
1
0
2
1
0
1
1
5
3
4
0
1
1
2
2
0
0
1
3
1
0
3
0
0
0
2
4
2
0
2
1
1
0
2
1
1
2
0
2
4
1
0
3
3
0
1
1
2
0
0
1
3
1
0
2
2
3
1
3
1
2
2
2
2
2
2
0
0
3
4
2
0
3
1
3
3
0
0
1
1
0
1
3
0
2
1
2
1
1
0
3
3
2
1
2
3
2
0
5
0
3
0
2
2
0
1
0
2
3
4
3
0
1
1
2
4
3
1
0
2
3
0
2
2
2
1
3
0
0
0
2
0
1
0
2
2
1
1
0
1
1
3
1
4
0
3
1
0
1
2
2
0
3
2
2
1
2
3
1
0
2
1
1
1
3
3
2
3
2
0
0
2
2
2
0
0
1
0
0
1
1
1
2
2
1
1
2
3
0
1
0
3
0
1
1
0
2
0
1
0
0
1
1
1
2
11
12
9
8
10
22
9
7
14
14
12
9
7
10
11
11
12
10
9
13
12
8
10
6
7
12
15
9
6
16
15
12
8
3
15
9
8
11
9
9
10
14
10
11
9
8
14
10
9
14
5
6
7
10
9
8
8
6
7
9
12
8
14
5
12
10
12
15
8
15
10
10
8
10
10
13
11
11
7
11
14
7
6
11
8
9
8
8
13
13
11
8
10
8
10
10
3
7
8
10
15
9
12
9
3
8
8
14
13
5
12
13
5
10
13
10
8
15
16
4
7
4
10
12
9
7
5
3
