0
0
0
0
0
0
0
0
0
0
0
0
0
0
0
0
0
0
0
0
0
0
0
0
0
0
0
0
0
0
0
0
0
0
0
0
0
0
0
0
0
0
0
0
0
0
0
0
0
0
0
0
0
0
0
0
0
0
0
0
0
0
0
1
0
0
1
1
0
0
0
0
0
1
2
1
2
0
6
8
8
10
9
7
17
15
17
31
78
222
506
729
1125
1245
1308
1333
1422
1428
1532
1577
1664
1707
1717
1730
1635
1612
1638
1605
1584
1618
1717
2079
2391
2715
2900
2753
2551
1995
1429
1205
1077
1077
1068
1049
1081
1125
1155
1166
1207
1176
1134
1239
1245
1192
1280
1222
1239
1293
1234
1193
1230
1295
1311
1269
1216
1292
1266
1261
1232
1217
1216
1304
1220
1187
1224
1220
1226
1263
1179
1155
1167
1237
1272
1235
1237
1211
1254
1202
1219
1249
1157
1186
1185
1183
1233
1212
1270
1192
1199
1189
1249
1298
1193
1207
1224
1193
1295
1213
1240
1224
1273
1276
1199
1292
1246
1232
1230
1205
1178
1313
1252
1248
1295
1229
1278
1283
1243
1284
1274
1226
1267
1283
1207
1267
1291
1229
1252
1285
1300
1282
1309
1236
1258
1260
1236
1285
1237
1266
1187
1333
1245
1249
1310
1271
1297
1233
1274
1228
1263
1265
1278
1245
1307
1323
1264
1320
1260
1247
1270
1309
1242
1277
1249
1242
1278
1310
1258
1306
1267
1204
1259
1257
1343
1298
1291
1254
1262
1258
1294
1310
1243
1339
1300
1275
1224
1264
1304
1306
1222
1296
1308
1266
1341
1292
1326
1265
1277
1237
1279
1359
1278
1319
1258
1275
1315
1306
1261
1260
1223
1338
1293
1276
1260
1332
1272
1319
1277
1312
1298
1368
1360
1353
1419
1410
1351
1336
1315
1328
1371
1369
1427
1382
1394
1365
1410
1376
1453
1428
1431
1420
1467
1444
1479
1535
1553
1524
1529
1541
1543
1533
1577
1561
1600
1543
1569
1563
1522
1592
1625
1675
1627
1633
1623
1647
1649
1737
1694
1697
1734
1711
1684
1684
1706
1752
1667
1635
1744
1663
1727
1727
1702
1716
1689
1654
1725
1732
1715
1693
1710
1695
1697
1780
1626
1713
1648
1726
1651
1683
1662
1609
1664
1632
1667
1628
1643
1716
1601
1620
1597
1622
1628
1654
1625
1568
1608
1548
1635
1549
1546
1521
1603
1573
1591
1572
1495
1588
1575
1505
1497
1592
1446
1537
1576
1555
1487
1467
1544
1573
1526
1519
1535
1485
1463
1489
1426
1490
1475
1453
1462
1490
1457
1511
1505
1488
1441
1434
1572
1463
1493
1456
1493
1482
1426
1433
1398
1482
1516
1475
1441
1465
1396
1486
1434
1416
1432
1459
1497
1487
1479
1412
1475
1413
1426
1324
1482
1400
1414
1419
1366
1443
1350
1356
1345
1479
1386
1467
1411
1431
1482
1394
1324
1361
1430
1388
1396
1401
1439
1425
1414
1436
1429
1378
1418
1390
1442
1416
1371
1438
1380
1400
1415
1405
1361
1315
1384
1365
1330
1316
1330
1416
1387
1327
1396
1333
1324
1423
1359
1392
1404
1294
1398
1348
1347
1383
1312
1312
1394
1424
1327
1237
1343
1382
1275
1321
1343
1307
1321
1344
1304
1331
1321
1319
1290
1327
1288
1318
1291
1314
1295
1312
1304
1260
1302
1252
1251
1285
1357
1259
1230
1348
1364
1317
1325
1270
1222
1284
1323
1234
1266
1305
1285
1335
1255
1351
1245
1187
1172
1227
1261
1225
1325
1233
1267
1278
1220
1249
1333
1259
1232
1235
1265
1256
1289
1243
1254
1175
1240
1297
1276
1259
1263
1265
1279
1205
1275
1269
1221
1245
1254
1180
1203
1259
1129
1279
1183
1271
1263
1277
1216
1262
1227
1224
1256
1213
1285
1263
1276
1196
1213
1269
1230
1218
1212
1241
1218
1223
1203
1220
1229
1209
1189
1260
1230
1207
1227
1214
1195
1187
1244
1173
1190
1191
1175
1209
1186
1207
1238
1136
1204
1258
1166
1202
1159
1218
1219
1215
1163
1166
1185
1178
1204
1170
1237
1165
1211
1194
1171
1182
1248
1173
1165
1198
1147
1232
1175
1198
1220
1138
1170
1162
1179
1215
1169
1188
1201
1192
1182
1137
1203
1246
1218
1223
1196
1140
1200
1208
1111
1196
1171
1142
1180
1189
1186
1169
1250
1152
1166
1159
1134
1172
1170
1196
1171
1091
1207
1148
1174
1209
1195
1189
1182
1197
1169
1167
1183
1193
1115
1175
1193
1166
1161
1207
1146
1136
1200
1145
1127
1177
1138
1145
1189
1107
1187
1126
1211
1122
1189
1217
1170
1149
1188
1132
1134
1200
1128
1137
1233
1145
1121
1185
1175
1191
1200
1218
1168
1200
1216
1162
1223
1176
1182
1170
1212
1107
1192
1179
1154
1172
1158
1179
1186
1151
1172
1190
1201
1177
1139
1208
1137
1230
1124
1165
1189
1233
1179
1150
1102
1123
1130
1162
1092
1129
1192
1193
1152
1128
1126
1220
1167
1193
1165
1128
1191
1213
1185
1175
1147
1148
1161
1128
1130
1193
1155
1163
1150
1172
1180
1173
1218
1101
1120
1122
1137
1151
1190
1147
1151
1153
1136
1199
1180
1074
1144
1121
1142
1193
1170
1173
1188
1203
1155
1177
1174
1177
1184
1120
1159
1139
1169
1175
1139
1152
1200
1173
1145
1196
1177
1207
1169
1187
1166
1153
1172
1150
1190
1205
1129
1166
1174
1183
1121
1165
1150
1145
1127
1170
1176
1184
1159
1098
1183
1212
1245
1173
1095
1151
1169
1225
1166
1192
1149
1133
1215
1177
1183
1145
1139
1098
1187
1180
1134
1148
1153
1199
1139
1137
1176
1234
1120
1153
1133
1147
1113
1098
1177
1181
1169
1108
1167
1148
1123
1112
1149
1181
1157
1175
1126
1129
1120
1221
1155
1180
1188
1185
1203
1187
1123
1133
1172
1140
1092
1264
1154
1177
1162
1170
1189
1169
1136
1153
1207
1124
1145
1157
1158
1209
1155
1197
1208
1121
1108
1126
1154
1175
1116
1148
1151
1212
1203
1230
1185
1209
1103
1147
1195
1117
1150
1228
1186
1159
1188
1233
1220
1128
1130
1212
1163
1179
1178
1138
1134
1221
1189
1153
1164
1074
1159
1216
1162
1152
1181
1093
1168
1206
1242
1136
1151
1216
1202
1150
1262
1136
1181
1138
1192
1225
1145
1203
1176
1179
1195
1182
1129
1154
1179
1184
1166
1194
1080
1117
1190
1181
1145
1177
1201
1172
1183
1245
1281
1163
1242
1203
1206
1179
1190
1157
1168
1180
1254
1189
1172
1201
1258
1118
1199
1252
1232
1232
1165
1168
1205
1192
1197
1192
1213
1186
1168
1191
1261
1159
1159
1221
1225
1170
1207
1195
1218
1201
1208
1130
1262
1186
1167
1170
1169
1227
1165
1192
1194
1197
1167
1250
1170
1181
1261
1184
1139
1164
1244
1199
1244
1262
1174
1197
1265
1241
1196
1214
1199
1170
1229
1236
1177
1212
1218
1210
1214
1231
1159
1219
1196
1126
1232
1205
1272
1242
1142
1222
1224
1232
1203
1197
1197
1191
1225
1268
1255
1209
1239
1183
1257
1179
1278
1278
1251
1230
1221
1194
1277
1212
1190
1238
1246
1254
1266
1241
1164
1199
1264
1243
1137
1240
1161
1206
1233
1232
1213
1244
1237
1235
1223
1235
1275
1180
1225
1217
1186
1247
1248
1231
1205
1260
1193
1208
1225
1166
1198
1225
1192
1239
1192
1265
1176
1281
1229
1249
1240
1294
1275
1241
1227
1220
1255
1219
1259
1229
1207
1180
1288
1326
1283
1216
1320
1301
1248
1297
1293
1252
1206
1214
1308
1284
1289
1197
1199
1233
1283
1335
1292
1274
1274
1247
1256
1318
1302
1310
1234
1189
1289
1289
1286
1243
1231
1299
1241
1243
1291
1247
1272
1215
1314
1285
1310
1340
1263
1305
1258
1275
1190
1363
1311
1304
1295
1318
1272
1217
1243
1285
1287
1227
1290
1284
1289
1336
1302
1256
1338
1283
1328
1319
1334
1357
1344
1355
1260
1249
1330
1277
1301
1307
1327
1292
1314
1264
1338
1333
1359
1347
1334
1329
1274
1366
1280
1324
1268
1286
1338
1355
1341
1329
1305
1390
1303
1356
1389
1326
1343
1362
1328
1350
1348
1323
1355
1327
1276
1327
1371
1329
1318
1370
1325
1330
1294
1384
1343
1364
1326
1377
1393
1299
1342
1330
1403
1347
1323
1339
1404
1309
1370
1379
1335
1344
1378
1342
1401
1337
1308
1371
1356
1319
1402
1408
1377
1378
1357
1409
1347
1390
1427
1391
1349
1326
1463
1390
1367
1377
1385
1414
1394
1388
1349
1403
1421
1355
1488
1437
1517
1375
1419
1409
1387
1425
1433
1407
1398
1384
1383
1418
1431
1453
1386
1416
1444
1412
1444
1417
1441
1445
1412
1451
1461
1452
1442
1474
1388
1421
1395
1465
1433
1436
1459
1464
1437
1540
1407
1517
1453
1493
1452
1405
1435
1428
1451
1483
1430
1452
1450
1368
1444
1539
1491
1481
1431
1489
1405
1469
1424
1413
1494
1487
1475
1474
1491
1477
1415
1446
1464
1447
1456
1508
1417
1451
1453
1475
1470
1439
1480
1454
1493
1479
1457
1472
1515
1381
1398
1444
1466
1462
1451
1427
1454
1536
1419
1510
1453
1446
1440
1479
1520
1518
1550
1430
1402
1441
1456
1358
1447
1473
1489
1465
1477
1461
1467
1439
1481
1524
1491
1408
1501
1439
1449
1448
1397
1367
1424
1522
1424
1461
1436
1382
1454
1420
1437
1390
1467
1437
1405
1350
1463
1420
1414
1413
1384
1434
1419
1444
1395
1391
1495
1353
1387
1427
1456
1430
1415
1369
1386
1377
1369
1375
1338
1355
1333
1384
1385
1355
1322
1326
1317
1333
1439
1317
1333
1349
1347
1335
1349
1357
1298
1324
1296
1253
1328
1352
1240
1273
1272
1304
1269
1323
1277
1289
1315
1203
1299
1296
1292
1289
1280
1285
1168
1207
1255
1265
1216
1252
1185
1237
1225
1230
1221
1164
1222
1240
1242
1207
1214
1189
1159
1248
1184
1129
1171
1204
1173
1132
1138
1091
1173
1151
1142
1100
1104
1153
1089
1147
1147
1165
1077
1134
1103
1101
1126
1124
1159
1209
1103
1104
1056
1011
1031
1081
1074
1070
1033
1070
1070
1065
1116
1053
1070
1061
1065
1021
1010
1060
1014
1000
1019
1040
996
1061
1033
1024
1000
1020
949
948
1036
1033
1023
970
1030
1037
957
970
993
987
972
997
1000
980
957
983
1026
1009
908
994
979
970
1004
1034
943
997
982
1004
924
949
968
972
922
1014
970
933
969
976
981
978
982
983
932
990
917
914
909
925
943
992
889
930
945
945
928
953
886
918
887
958
989
930
906
948
874
921
913
952
991
911
941
892
950
942
969
891
865
887
942
881
863
924
932
912
925
913
883
920
924
953
925
890
899
901
918
893
892
848
880
887
872
905
913
890
925
891
913
924
908
883
873
906
954
893
897
879
839
863
867
860
868
893
885
864
904
887
879
875
876
849
859
874
848
818
856
914
861
853
868
941
855
819
849
869
888
822
831
850
852
880
864
882
843
898
840
830
839
902
863
901
866
870
866
833
851
838
805
894
868
825
855
869
868
838
828
765
859
918
916
859
865
866
866
874
864
891
876
868
899
896
887
923
956
919
910
937
928
967
890
913
990
977
926
991
967
1031
1042
991
1063
1047
1084
1068
1081
1071
1081
1128
1103
1158
1175
1205
1177
1228
1219
1261
1282
1276
1258
1268
1305
1391
1369
1392
1396
1456
1460
1421
1524
1504
1540
1504
1628
1536
1677
1633
1652
1675
1815
1850
1820
1834
1827
1846
1955
1992
2005
2063
2024
2074
2015
2131
2167
2098
2213
2233
2290
2238
2303
2236
2336
2421
2438
2475
2466
2580
2598
2609
2663
2703
2611
2649
2751
2806
2788
2860
2928
2915
2949
2972
3074
3022
3131
3162
3138
3174
3143
3023
3237
3277
3244
3353
3301
3145
3345
3214
3330
3368
3333
3443
3358
3332
3448
3369
3405
3459
3413
3539
3434
3454
3470
3396
3402
3291
3449
3364
3345
3331
3400
3331
3314
3422
3412
3310
3375
3210
3301
3273
3178
3193
3230
3059
3176
3196
3107
2993
3078
3024
3044
2990
2902
3002
2778
2790
2812
2774
2680
2699
2603
2686
2512
2509
2488
2402
2297
2387
2404
2226
2313
2249
2164
2123
2122
2088
2027
2006
1932
1885
1862
1952
1850
1848
1695
1621
1677
1649
1578
1525
1422
1528
1411
1454
1350
1373
1294
1349
1324
1172
1224
1202
1189
1143
1097
1093
1031
1014
1044
956
967
850
904
886
854
861
840
802
749
784
707
745
764
678
647
714
698
694
645
603
627
597
611
606
575
549
543
573
528
523
496
476
556
552
498
544
463
502
547
541
461
468
535
513
489
484
481
509
524
497
556
560
548
543
533
506
580
539
542
539
599
576
580
585
637
628
600
584
590
626
636
659
656
726
684
734
754
754
776
726
804
786
875
814
816
800
845
908
899
937
918
999
988
1030
988
1033
1030
1071
1107
1085
1131
1190
1181
1216
1180
1258
1235
1269
1326
1237
1390
1378
1399
1492
1454
1517
1463
1530
1510
1637
1614
1665
1613
1690
1669
1804
1734
1717
1768
1826
1826
1857
1913
2019
1934
1956
2007
2014
2055
2079
2137
2158
2189
2222
2158
2248
2370
2355
2287
2390
2501
2351
2470
2408
2422
2508
2497
2435
2509
2412
2574
2565
2573
2564
2509
2608
2582
2631
2682
2688
2712
2760
2797
2702
2746
2753
2700
2770
2786
2760
2746
2776
2729
2725
2767
2773
2722
2738
2763
2725
2706
2689
2661
2658
2742
2688
2585
2683
2536
2673
2638
2579
2519
2521
2504
2627
2576
2476
2458
2416
2425
2330
2467
2385
2314
2291
2198
2290
2216
2270
2227
2103
2111
2109
2077
2034
1995
1973
1974
2023
1875
1894
1815
1821
1777
1719
1737
1697
1634
1617
1586
1618
1601
1436
1487
1447
1372
1462
1378
1287
1325
1343
1320
1221
1186
1141
1135
1091
1040
1032
1036
981
968
972
971
872
856
853
850
792
793
780
776
717
671
728
624
649
611
610
581
575
573
523
499
528
486
464
474
450
418
443
430
403
385
343
389
352
371
310
326
321
309
267
277
248
267
263
255
249
229
260
239
234
185
164
172
213
201
198
163
168
147
168
154
140
154
128
129
145
126
126
108
143
124
103
107
113
107
97
109
107
90
81
110
94
103
104
95
82
87
80
78
85
66
70
69
80
76
68
61
68
66
49
87
60
52
53
69
59
68
48
67
67
46
46
66
51
54
63
49
58
52
43
57
46
42
54
51
47
51
53
50
41
58
67
47
53
38
41
48
36
42
40
55
35
44
36
46
56
29
49
35
42
43
38
39
37
28
34
33
37
32
40
32
40
40
39
34
44
32
25
27
30
46
34
41
40
42
29
43
31
40
31
24
32
28
37
32
23
24
28
31
36
34
31
22
34
32
28
23
32
26
33
22
31
22
24
24
19
25
20
18
15
28
25
21
20
28
21
25
28
17
20
12
31
18
29
26
24
23
22
19
18
21
19
28
19
16
15
23
22
22
15
15
27
25
28
22
21
23
16
33
26
24
19
23
21
22
23
17
19
13
22
17
22
16
16
15
16
19
15
14
16
17
21
15
17
21
17
18
21
18
15
19
15
23
23
20
14
26
15
23
20
16
18
21
27
17
18
10
20
19
13
17
17
15
15
15
12
15
18
19
24
15
11
17
15
12
13
13
21
24
16
13
14
17
15
20
12
22
19
19
10
17
18
10
12
25
22
12
21
19
15
18
20
18
12
15
7
21
19
16
14
18
17
15
23
20
16
18
17
16
16
17
16
11
12
11
20
21
26
21
23
17
17
18
19
15
18
16
15
14
17
26
17
12
18
16
17
10
17
17
16
13
20
18
14
15
12
13
15
18
14
14
20
13
22
12
18
22
19
15
18
11
20
13
14
10
13
10
14
6
18
15
17
13
12
15
23
10
11
16
15
22
17
6
13
12
20
10
10
15
14
9
22
14
14
17
12
9
15
14
16
18
19
13
17
19
9
21
13
13
13
10
7
13
10
16
16
15
14
19
14
12
16
16
10
9
14
9
11
16
11
13
14
11
17
15
13
11
7
16
15
10
18
15
15
12
11
16
11
13
8
13
17
9
18
13
12
14
9
13
13
9
13
13
16
7
18
11
12
22
8
8
8
12
17
17
13
19
9
4
9
11
9
12
10
12
11
10
12
19
12
11
13
17
17
8
16
10
9
14
10
14
11
11
13
7
16
16
8
13
13
12
15
11
8
7
12
12
14
11
10
8
20
9
11
13
16
10
10
14
11
11
14
8
9
15
13
12
10
12
14
9
7
14
11
11
7
14
10
11
12
17
10
11
15
16
10
14
11
14
18
11
11
12
5
6
9
16
10
11
9
13
14
18
10
10
10
12
13
10
5
9
14
12
13
16
8
7
11
13
8
11
11
14
6
11
13
14
9
7
11
5
16
7
11
14
11
5
16
12
15
12
16
13
5
11
9
12
10
14
10
7
10
17
10
12
16
11
13
14
14
15
11
11
13
9
7
11
17
4
12
14
7
7
11
8
16
8
8
15
11
12
16
7
14
6
8
6
11
2
6
8
12
7
9
4
7
10
9
8
7
15
13
12
10
13
11
9
10
9
6
9
11
9
8
14
13
6
7
9
10
10
11
13
10
6
15
8
12
8
10
9
9
18
7
12
7
8
10
14
11
9
14
11
11
11
9
8
8
5
12
8
7
10
12
12
11
8
9
11
15
7
9
12
14
9
6
9
9
7
8
4
12
9
10
3
16
7
9
7
8
10
10
3
8
9
7
8
9
12
9
7
7
11
9
13
8
8
13
11
12
4
8
9
12
8
11
15
11
5
13
9
6
13
7
11
7
7
3
7
12
6
11
11
9
14
8
10
6
13
12
3
7
6
11
8
8
13
10
4
6
9
9
14
7
5
9
8
13
6
9
11
6
9
8
13
9
4
10
6
9
8
12
10
13
4
5
12
7
5
9
8
10
6
6
12
11
7
8
5
12
9
10
8
13
4
12
9
9
8
7
7
10
5
12
8
9
7
3
8
9
5
8
8
6
8
7
7
5
8
6
10
10
5
11
7
5
6
3
6
11
4
6
12
5
8
6
3
14
7
7
8
5
6
6
8
8
7
6
5
10
5
8
6
11
8
2
5
3
2
7
9
10
7
7
8
15
10
1
11
12
9
10
8
8
10
12
9
10
5
5
10
4
9
9
5
7
4
9
6
6
8
8
3
5
5
10
9
10
8
3
13
7
3
12
12
10
5
5
2
4
9
5
4
8
8
4
6
6
8
6
7
6
3
4
9
7
7
10
6
6
9
6
7
4
7
6
3
8
11
4
4
4
2
6
6
10
7
9
6
7
4
9
8
7
5
6
10
4
4
4
8
9
9
5
4
7
4
10
7
7
7
7
4
10
5
5
7
8
11
9
8
10
4
5
5
9
13
9
11
4
4
13
11
7
4
8
5
5
5
4
6
4
5
3
7
6
6
5
6
8
3
12
6
8
6
5
4
5
8
7
4
10
8
5
8
7
10
6
8
6
8
4
6
3
7
10
7
5
4
6
8
12
5
5
8
9
4
5
5
5
9
5
2
11
5
5
5
12
9
8
6
5
5
7
8
9
10
5
4
6
10
7
13
8
10
7
5
0
5
8
8
8
8
5
4
7
9
7
12
8
6
4
3
10
8
5
5
4
4
5
5
9
7
5
8
5
7
6
4
6
6
7
8
9
7
5
8
7
7
8
4
10
3
6
8
7
14
1
2
5
6
4
7
8
5
1
5
10
5
8
2
7
8
6
5
5
4
5
2
4
10
6
5
6
9
2
2
13
4
6
5
4
8
6
5
3
10
3
7
3
4
4
5
6
7
4
4
3
2
2
8
4
7
2
5
5
8
4
6
10
6
4
6
7
5
8
4
4
4
7
5
7
8
9
4
9
7
5
6
7
7
4
6
4
7
6
4
4
6
5
4
5
6
5
8
9
4
7
5
2
2
5
7
3
8
6
6
1
7
5
3
6
6
3
5
3
4
2
7
3
3
10
3
6
6
6
5
10
5
5
3
8
5
4
8
2
3
5
4
6
6
5
2
8
10
6
2
1
2
4
4
7
2
6
6
5
1
4
7
2
5
8
3
6
4
2
12
4
1
7
2
6
4
2
6
7
6
6
7
6
3
4
6
7
3
6
5
4
4
4
4
3
9
2
6
3
4
6
6
2
3
3
2
5
4
5
3
1
8
1
6
2
1
2
4
6
7
6
4
7
2
2
4
10
5
4
4
3
6
5
2
4
1
10
16
7
3
6
3
2
1
6
6
6
3
4
4
2
2
3
3
2
6
10
6
6
4
2
6
5
1
5
2
4
2
2
3
2
4
4
4
6
5
3
2
2
4
7
3
2
1
6
3
5
5
6
3
6
1
4
1
4
9
4
5
4
6
5
2
5
3
4
5
5
6
3
4
4
1
5
5
4
6
5
1
7
4
4
1
1
4
5
6
4
7
3
2
1
7
4
2
5
4
4
3
7
7
2
5
5
3
0
2
3
3
2
2
1
5
2
3
1
3
4
7
4
3
3
5
2
3
4
7
3
6
4
5
1
2
3
1
2
4
0
6
4
2
5
2
5
3
0
5
4
3
3
3
4
0
2
4
5
1
1
3
1
3
6
3
5
2
5
2
5
5
1
7
1
5
5
1
2
3
3
1
1
2
0
2
5
2
0
5
3
3
3
2
2
1
3
2
1
2
2
4
1
2
2
6
3
2
3
1
1
0
3
3
1
3
2
7
1
3
1
2
2
3
2
0
0
6
4
0
0
3
3
1
3
1
2
0
4
5
4
3
5
1
5
5
2
4
1
5
8
2
2
3
2
6
1
1
1
1
1
3
1
4
1
5
2
2
6
2
0
5
0
4
3
5
2
1
5
2
1
1
4
3
2
2
1
3
2
2
1
3
4
0
2
3
3
2
3
2
1
4
1
4
0
5
4
3
3
1
4
3
2
3
0
3
4
1
2
3
1
2
1
1
5
4
2
3
2
2
3
4
2
2
0
3
3
1
0
1
4
2
3
5
2
2
1
3
1
4
0
1
3
2
3
1
3
0
2
3
3
1
1
1
3
7
0
3
0
1
3
0
8
3
0
4
6
3
1
2
4
1
1
4
3
2
2
2
4
3
3
2
2
2
1
2
1
4
4
3
1
3
1
3
3
4
2
3
1
1
0
1
2
1
4
2
3
5
2
2
3
0
2
1
1
4
2
4
3
2
2
2
0
5
1
5
4
0
0
1
0
3
2
3
2
1
3
2
5
5
1
4
2
2
1
1
4
1
2
2
2
8
2
1
1
3
3
3
2
1
2
0
2
4
4
3
2
3
6
1
0
2
3
5
2
3
4
3
3
3
2
2
0
3
2
2
1
1
2
3
3
1
2
0
3
3
1
1
3
1
1
1
1
1
3
1
3
1
1
2
1
1
0
1
1
0
0
0
1
3
1
1
2
1
1
3
2
6
3
2
2
0
1
0
3
4
0
1
1
1
2
3
1
0
0
1
0
2
1
1
0
1
1
1
3
1
1
1
1
4
1
2
3
0
1
0
2
1
0
2
2
2
1
1
1
0
0
0
0
1
2
2
0
1
0
1
3
2
2
2
1
3
1
2
1
1
0
1
1
0
0
4
3
0
2
1
2
0
3
0
1
1
2
0
0
1
1
1
1
0
3
0
2
1
0
1
1
1
1
0
2
2
3
1
1
1
1
1
1
1
1
0
0
0
1
2
0
1
1
2
1
0
0
0
1
1
1
2
0
2
2
3
0
2
1
0
1
1
0
1
1
0
0
1
1
5
0
1
0
0
0
1
3
2
1
1
2
0
0
0
2
1
1
2
0
0
0
0
1
0
2
1
1
0
0
0
2
0
0
2
0
0
1
1
2
1
0
0
1
1
0
1
0
2
0
0
1
0
1
0
2
1
0
0
1
1
0
0
4
0
1
0
0
1
0
2
0
0
2
1
1
1
1
1
1
0
0
0
0
0
1
0
0
0
1
0
1
1
1
0
0
1
2
0
0
1
0
0
1
0
1
1
0
0
0
0
0
0
0
0
0
0
1
0
1
0
0
0
0
0
0
0
0
0
0
0
0
1
0
0
0
0
0
0
0
0
0
0
0
0
0
1
0
0
0
0
0
0
0
0
0
0
0
0
0
0
0
1
1
0
1
0
0
0
0
0
0
0
0
0
0
0
0
0
0
0
0
0
0
0
0
0
0
0
0
0
1
0
0
0
0
0
0
0
0
0
0
0
0
0
0
0
0
1
0
0
0
0
0
0
0
0
0
0
0
0
0
0
0
0
0
0
0
0
0
0
0
0
0
0
0
0
0
0
1
0
0
0
0
0
0
0
0
0
0
0
1
0
0
0
0
0
0
0
0
0
0
0
0
0
0
1
2
1
0
0
0
0
0
0
0
0
0
0
0
0
1
0
0
1
0
0
0
0
0
0
0
0
0
0
0
0
0
0
0
0
0
0
0
0
0
0
0
0
0
0
0
0
0
0
0
0
0
0
0
0
1
0
1
0
1
0
0
0
0
0
0
0
0
0
0
0
0
0
0
0
0
0
0
0
0
0
0
0
0
0
0
0
0
0
0
0
1
0
0
0
0
0
0
0
1
0
0
0
0
0
0
0
0
0
0
0
0
0
0
0
0
0
0
0
0
0
0
0
0
0
0
0
0
0
0
0
0
0
0
0
1
0
0
0
0
0
0
0
0
0
0
0
0
0
0
0
0
0
1
0
0
0
0
0
0
0
0
0
0
0
0
0
0
0
0
0
0
0
0
0
0
0
0
0
0
0
0
0
0
0
0
0
0
0
0
0
0
1
0
0
0
0
0
0
0
0
0
0
0
0
0
0
0
0
0
1
0
0
0
0
0
0
0
0
0
0
0
0
0
0
0
0
0
0
0
0
0
0
0
0
0
0
0
0
0
0
0
0
0
0
0
0
1
0
0
0
0
0
0
0
0
0
0
0
0
0
0
0
0
0
0
0
0
0
0
0
0
0
0
0
1
0
0
0
0
0
0
0
0
0
0
0
0
0
0
0
0
0
0
1
0
0
0
0
0
0
0
0
0
0
0
0
0
0
0
0
0
0
0
0
0
0
0
0
0
0
0
0
0
0
0
0
0
0
0
0
0
0
0
0
0
0
0
0
0
0
0
0
0
0
0
0
0
0
0
0
0
0
0
0
0
0
1
0
0
0
0
0
0
0
1
0
0
0
0
0
0
0
0
0
0
0
0
0
0
0
0
0
0
0
0
0
0
0
0
0
0
0
0
1
0
0
0
0
0
0
0
0
0
0
1
1
0
0
0
0
0
0
0
0
0
0
0
0
0
0
0
0
0
0
0
0
0
0
0
0
0
0
0
0
0
1
0
0
0
0
0
0
0
0
0
0
0
0
0
0
0
0
0
0
0
0
0
0
0
0
0
0
0
0
0
0
0
0
0
0
0
0
0
0
0
1
0
0
0
0
0
0
0
0
0
0
0
0
0
0
0
0
0
0
0
0
0
0
0
0
0
0
0
0
0
0
0
0
0
1
0
0
0
1
0
0
0
0
0
0
0
0
0
1
0
0
0
0
0
0
0
0
0
0
0
0
0
0
0
0
0
0
0
0
0
0
0
0
0
0
0
0
0
0
0
0
0
0
0
0
0
0
0
0
0
0
0
0
0
0
0
0
0
0
0
0
0
0
0
0
0
0
0
0
0
0
0
0
0
0
0
0
0
0
1
0
0
0
0
0
0
0
0
0
0
0
0
0
0
0
0
0
0
0
0
0
0
0
0
0
0
1
0
0
0
0
0
0
0
0
0
0
0
0
0
0
0
0
0
0
0
0
0
0
0
0
0
0
0
0
0
0
0
0
0
0
0
0
0
0
0
1
0
0
0
0
0
0
0
0
0
0
0
0
0
0
0
0
0
0
0
0
0
0
0
0
0
0
0
0
0
0
0
0
0
0
0
0
0
0
0
0
0
0
0
0
0
0
0
0
0
0
0
0
0
0
0
0
0
0
0
0
1
0
0
0
0
0
0
0
0
0
0
0
0
0
0
0
0
0
0
0
0
0
0
0
0
0
0
0
0
0
0
0
0
0
0
0
0
0
0
0
0
0
0
0
0
0
0
0
0
0
0
0
0
0
0
0
0
0
0
0
0
1
0
0
0
0
0
0
0
1
0
0
0
0
0
0
0
0
0
0
0
0
0
0
0
0
0
0
0
0
0
0
0
0
0
0
0
0
0
0
0
0
0
0
0
0
0
0
0
0
0
0
0
0
0
0
0
0
0
0
0
0
0
0
0
0
0
0
0
0
0
0
0
0
0
0
0
0
0
0
0
0
0
0
0
0
0
0
0
0
0
0
0
0
0
0
0
0
0
0
0
0
0
0
0
0
0
0
0
0
0
0
0
0
0
0
0
0
0
0
0
0
0
0
0
0
0
0
0
0
0
0
0
0
0
1
0
0
0
0
0
0
0
0
0
0
0
0
0
0
0
0
0
0
0
0
0
0
0
0
0
0
0
0
0
0
0
0
0
0
0
0
0
0
0
0
0
0
0
0
0
0
0
0
0
0
0
0
0
0
0
0
0
0
0
0
0
0
0
0
0
0
0
0
0
0
0
0
0
0
0
0
0
0
0
0
0
0
0
0
0
0
0
0
0
0
0
0
0
0
0
0
0
0
0
0
0
0
0
0
0
0
0
0
0
0
0
0
0
0
0
0
0
0
0
0
0
1
0
0
0
0
0
0
0
0
0
0
0
0
0
0
0
0
0
0
0
0
0
0
0
0
0
0
0
0
0
0
0
0
0
0
0
0
0
0
0
0
0
0
0
0
0
0
0
0
0
0
0
0
0
0
0
0
0
0
0
0
0
0
0
0
0
0
0
0
0
0
0
0
0
0
0
0
0
0
0
0
0
0
0
0
0
0
0
0
0
0
0
0
0
0
0
0
0
0
0
0
1
0
0
0
0
0
0
0
0
0
0
0
0
0
0
0
0
0
0
0
0
0
0
0
0
0
0
0
0
0
0
0
0
0
0
0
0
0
0
0
0
0
0
0
0
0
0
0
0
0
0
0
0
0
0
0
0
0
0
0
0
0
0
0
1
0
0
0
0
0
0
0
0
0
0
0
0
0
0
0
0
0
0
0
0
0
0
0
0
0
0
0
0
0
0
0
0
0
0
0
0
0
0
0
0
0
0
0
0
0
0
0
0
0
0
0
0
0
1
0
0
0
0
0
0
0
0
0
0
1
0
0
0
0
0
0
0
0
0
0
0
0
0
0
0
0
0
0
0
0
0
0
0
0
0
0
0
0
0
0
0
0
0
0
0
0
0
0
0
0
0
0
0
0
0
1
0
0
0
0
0
0
0
0
0
0
0
0
0
0
0
0
0
0
0
0
0
0
0
0
0
0
0
0
0
0
0
0
0
0
0
0
0
0
0
0
0
0
0
0
0
0
0
0
0
0
0
0
0
0
0
0
0
0
0
0
0
0
0
0
0
0
0
0
0
0
0
0
0
0
0
0
0
0
0
0
0
0
0
0
0
0
0
0
0
0
0
0
0
0
0
0
0
0
0
0
0
0
0
0
0
0
0
0
0
0
0
0
0
0
0
0
0
0
0
0
0
0
0
0
0
0
0
0
0
0
0
0
0
0
0
0
0
1
0
0
0
0
0
0
0
0
0
0
0
0
0
0
0
0
0
0
0
0
0
0
0
0
0
0
0
0
0
0
0
0
0
0
1
0
0
0
0
0
0
0
0
0
0
0
0
0
0
0
0
0
0
0
0
0
0
0
0
0
0
0
0
0
0
0
0
0
0
0
0
0
0
0
0
0
0
0
0
0
0
0
0
0
0
0
0
0
0
0
0
0
0
0
0
0
0
0
0
0
0
0
0
0
0
0
0
0
0
0
0
0
0
0
0
0
0
0
0
0
0
0
0
0
0
0
0
0
0
0
0
0
0
0
0
0
0
0
0
0
0
0
0
0
0
0
0
0
0
0
0
0
0
0
0
0
0
0
0
0
0
0
0
0
0
0
0
0
0
0
0
0
0
0
0
0
0
0
0
0
0
0
0
0
0
0
0
0
0
0
0
0
0
0
0
0
0
0
0
0
0
0
0
0
0
0
0
0
0
0
0
0
0
0
0
0
0
0
0
0
0
0
0
0
0
0
0
0
0
0
0
0
0
0
0
0
0
0
0
0
0
0
0
0
0
0
0
0
0
0
0
0
0
0
0
0
0
0
0
0
0
0
0
0
0
0
0
0
0
0
0
0
0
0
0
0
0
0
0
0
0
0
0
0
0
0
0
0
0
0
0
0
0
0
0
0
0
0
0
0
0
0
0
0
0
0
0
0
0
0
0
0
0
0
0
0
0
0
0
0
0
0
0
0
0
0
0
0
0
0
0
0
0
0
0
0
0
0
0
0
0
0
0
0
0
1
0
0
0
0
0
0
0
0
0
0
0
0
0
0
0
0
0
0
0
0
0
0
0
0
0
0
0
0
0
0
0
0
0
0
0
0
0
0
0
0
0
0
0
0
0
0
0
0
0
0
0
0
0
0
0
0
0
0
0
0
0
0
0
0
0
0
0
0
0
0
0
0
0
0
0
0
0
0
0
0
0
1
0
0
0
0
0
0
0
0
0
0
0
0
0
0
0
0
0
0
0
0
0
0
0
0
0
0
0
0
0
0
0
0
0
0
0
0
0
0
0
0
0
0
0
0
0
0
0
0
0
0
0
0
0
0
0
0
0
0
0
0
0
0
0
0
0
0
0
0
0
0
0
0
0
0
0
0
0
0
0
0
0
0
0
0
0
0
0
0
0
0
0
0
0
0
0
0
0
0
0
0
0
0
0
0
0
0
0
0
0
0
0
0
0
0
0
0
0
0
0
0
0
0
0
0
0
0
0
0
0
0
0
0
0
0
0
0
0
0
0
0
0
0
0
0
0
0
0
0
0
0
0
0
0
0
0
0
0
0
0
0
0
0
0
0
0
0
0
0
0
0
0
0
0
0
0
0
0
0
0
0
0
0
0
0
0
0
0
0
0
0
0
0
0
0
0
0
0
0
0
0
0
0
0
0
0
0
0
0
0
0
0
0
0
0
0
0
0
0
0
0
0
0
0
0
0
0
0
0
0
0
0
0
0
0
0
0
0
0
0
0
0
0
0
0
0
0
0
0
0
0
0
0
0
0
0
0
0
0
0
0
0
0
0
0
0
0
0
0
0
0
0
0
0
0
0
0
0
0
0
0
0
0
0
0
0
0
0
0
0
0
0
0
0
0
0
0
0
0
0
0
0
0
0
0
0
0
0
0
0
0
0
0
0
0
0
1
0
0
0
0
0
0
0
0
0
0
0
0
0
0
0
0
0
0
0
0
0
0
0
0
0
0
0
0
0
0
0
0
0
0
0
0
0
0
0
0
0
0
0
0
0
0
0
0
0
0
0
0
0
0
0
0
0
0
0
0
0
0
0
0
0
0
0
0
0
0
0
0
0
0
0
0
0
0
0
0
0
0
0
0
0
0
0
0
0
0
0
0
0
0
0
0
0
0
0
0
0
0
0
0
0
0
0
0
0
0
0
0
0
0
0
0
0
0
0
0
0
0
0
0
0
0
0
0
0
0
0
0
0
0
0
0
0
0
0
0
0
0
0
0
0
0
0
0
0
0
0
0
0
0
0
0
0
0
0
0
0
0
0
0
0
0
0
0
0
0
0
0
0
0
0
0
0
0
0
0
0
0
0
0
0
0
0
0
0
0
0
0
0
0
0
0
0
0
0
0
0
0
0
0
0
0
0
0
0
0
0
0
0
0
0
0
0
0
0
0
0
0
0
0
1
0
0
0
0
0
0
0
0
0
0
0
0
0
0
0
0
0
0
0
0
0
0
0
0
0
0
0
0
0
0
0
0
0
0
0
0
0
0
0
0
0
0
0
0
0
0
0
0
0
0
0
0
0
0
0
0
0
0
0
0
0
0
0
0
0
0
0
0
0
0
0
0
0
0
0
0
0
0
0
0
0
0
0
0
0
0
0
0
0
0
0
0
0
0
0
0
0
0
0
0
0
0
0
0
0
0
0
0
0
0
0
0
0
0
0
0
0
0
0
0
0
0
0
0
0
0
0
0
0
0
0
0
0
0
0
0
0
0
0
0
0
0
0
0
0
0
0
0
0
0
0
0
0
0
0
0
0
0
0
0
0
0
0
0
0
0
0
0
0
0
0
0
0
0
0
0
0
0
0
0
0
0
0
0
0
0
0
0
0
0
0
0
0
0
0
0
0
0
0
0
0
0
0
0
0
0
0
0
0
0
0
0
0
0
0
0
0
0
0
0
0
0
0
0
0
0
0
0
0
0
0
0
0
0
0
1
0
0
0
0
0
0
0
0
0
0
0
0
0
0
0
0
0
0
0
0
0
0
0
0
0
0
0
0
0
0
0
0
0
0
0
0
0
0
0
0
0
0
0
0
0
0
0
0
0
1
0
0
0
0
0
0
0
0
0
0
0
1
0
0
0
0
0
0
0
0
0
1
0
0
0
0
0
0
0
0
0
0
0
0
0
0
0
0
0
0
0
0
0
0
0
0
0
0
0
0
0
0
0
0
0
0
0
0
0
0
0
0
0
0
0
0
0
0
0
0
0
0
0
0
0
0
0
0
0
0
0
0
0
0
0
0
0
0
0
0
1
0
0
0
0
0
0
0
0
0
0
0
0
0
0
0
0
0
0
0
0
0
0
0
0
0
0
0
0
0
0
0
0
0
0
0
0
0
0
0
0
0
0
0
0
0
0
0
0
0
0
0
0
0
0
0
0
0
0
0
0
0
0
0
0
0
0
0
0
0
0
0
0
0
0
0
0
0
0
0
0
0
0
0
0
0
0
0
0
0
0
0
0
0
0
0
0
0
1
0
0
0
0
0
0
0
0
0
0
0
0
0
0
0
0
0
0
0
0
0
0
0
0
0
0
0
0
0
0
0
0
0
0
0
0
0
0
0
0
0
0
0
0
0
0
0
0
0
0
0
0
0
0
0
0
0
0
0
0
0
0
0
0
0
0
0
0
0
0
0
0
0
0
0
0
0
0
0
0
0
0
0
0
0
0
0
0
0
0
0
0
0
0
0
0
0
0
0
0
0
0
0
0
0
0
1
0
0
0
0
0
0
0
0
0
0
0
0
0
1
0
0
0
0
0
0
0
0
0
0
1
0
0
0
0
0
0
0
0
0
0
0
0
0
0
0
0
0
0
0
0
0
0
0
0
0
0
0
0
0
0
0
0
0
0
0
0
0
0
0
0
0
0
0
0
0
0
0
0
0
0
0
0
0
0
0
0
0
0
0
0
0
0
0
0
0
0
0
0
0
0
1
0
0
0
0
0
0
0
0
0
0
0
0
0
0
0
0
0
0
0
0
0
0
0
0
0
0
0
0
0
0
0
0
0
0
0
0
0
0
0
0
0
0
0
0
0
0
0
0
0
0
0
0
0
0
0
0
0
0
0
0
0
0
0
0
0
0
0
0
0
0
0
0
0
0
0
0
0
0
0
0
0
0
0
0
0
0
0
0
0
0
0
0
0
0
0
0
0
0
0
0
0
0
0
1
0
0
0
0
0
0
0
0
0
0
0
0
0
0
0
0
0
0
0
0
0
0
0
0
0
0
0
0
0
0
0
0
0
0
0
0
0
0
0
0
0
0
0
0
0
0
0
0
0
0
0
0
0
0
0
0
0
0
0
0
0
0
0
0
0
0
1
2
2
3
5
8
3
3
6
1
2
6
2
2
7
2
3
6
6
4
1
3
3
1
1
4
3
3
2
3
2
5
1
3
2
4
6
4
3
3
3
5
1
3
4
4
2
3
7
2
3
3
0
5
6
3
2
5
4
3
5
5
3
8
6
2
2
1
5
4
4
4
4
3
4
3
3
6
2
2
6
3
2
1
2
3
1
1
1
7
5
3
5
6
6
2
3
8
4
3
1
2
3
3
5
4
4
3
2
1
2
3
6
4
0
2
2
4
1
1
1
3
1
6
5
1
3
4
