0
0
0
0
0
0
0
0
0
0
0
0
0
0
0
0
0
0
0
0
0
0
0
0
0
0
0
0
0
0
0
0
0
0
0
0
0
0
0
0
0
0
0
0
0
0
0
0
0
0
0
0
0
0
0
0
0
0
0
0
0
0
0
0
0
0
0
0
0
0
0
0
0
0
0
0
0
0
0
1
0
0
0
0
0
0
0
0
0
0
0
1
0
0
0
0
0
0
1
4
4
1
2
12
31
102
164
228
173
167
175
145
160
161
156
148
167
158
173
181
182
159
166
144
134
106
133
106
101
95
93
106
91
77
91
79
79
90
65
79
72
78
80
74
69
57
67
54
53
65
55
66
59
53
39
50
44
42
46
50
49
51
43
45
49
46
47
38
45
49
62
48
32
46
53
52
45
40
59
46
45
43
53
49
55
48
42
50
49
42
51
42
50
51
49
52
51
42
47
44
58
47
44
49
46
41
50
55
48
43
43
50
51
51
58
41
56
35
66
46
55
60
52
59
60
42
59
43
55
65
52
42
47
58
49
48
52
56
58
39
43
49
52
49
53
48
48
71
60
56
39
52
68
48
35
41
53
57
47
61
44
42
47
50
54
48
51
49
58
41
49
43
54
58
64
49
47
37
47
54
45
53
35
52
53
63
46
48
62
43
56
53
55
53
46
57
50
45
56
55
39
54
59
46
55
46
49
39
57
48
47
41
44
62
47
65
46
56
51
38
42
58
56
56
52
39
51
48
57
48
56
48
52
50
49
36
56
50
43
45
52
45
47
48
61
45
53
46
54
50
43
44
55
57
48
60
52
51
47
56
56
45
51
49
54
45
49
57
35
53
51
40
51
36
41
70
58
47
49
49
46
53
46
72
38
52
36
56
50
53
44
46
50
46
61
48
56
50
61
47
52
51
54
42
59
57
41
50
54
41
54
42
44
41
53
71
49
52
54
55
47
53
50
50
36
52
44
51
58
46
54
49
60
46
57
45
49
51
50
56
54
54
55
40
51
43
50
55
56
55
56
34
44
56
42
44
47
63
54
46
49
65
60
52
59
52
57
45
55
54
57
43
43
56
48
39
60
54
46
45
43
50
44
46
59
52
69
56
51
46
35
49
44
55
49
56
43
43
51
57
58
46
46
59
61
53
56
39
49
61
44
38
61
64
56
39
44
49
58
44
54
59
45
53
51
38
52
59
39
60
43
63
52
59
55
61
61
46
57
56
33
56
40
52
51
54
49
44
45
46
52
53
49
43
63
50
60
45
48
49
40
34
51
43
56
57
47
57
52
52
55
54
65
56
70
50
48
43
53
52
42
56
43
38
56
51
50
60
65
44
60
40
41
51
52
60
55
54
40
38
58
43
52
49
64
58
55
61
53
42
58
55
48
54
57
40
57
47
49
60
46
48
44
57
56
53
51
61
49
51
53
64
54
59
50
58
57
51
64
60
46
48
53
47
51
50
64
67
50
69
58
38
46
62
52
47
53
52
53
65
58
62
61
50
46
55
60
55
65
54
40
47
51
64
52
50
55
50
53
54
52
43
64
64
59
62
62
43
44
69
68
47
58
69
41
59
64
69
68
51
62
57
76
48
68
67
72
73
71
72
76
62
65
62
66
63
53
65
57
72
66
64
74
54
62
79
57
55
74
70
57
66
64
66
64
66
69
63
70
72
89
74
56
83
65
70
68
56
76
75
75
71
58
80
72
59
78
49
63
74
84
70
76
67
78
69
73
78
60
73
56
86
63
78
72
68
71
62
70
79
74
69
68
74
62
66
81
69
63
66
69
64
68
79
54
63
76
66
65
54
76
82
75
61
63
66
56
63
62
59
73
61
67
64
66
60
68
78
74
89
57
75
60
74
69
73
72
57
76
73
61
60
78
59
57
71
72
74
65
62
70
67
57
68
65
64
76
72
78
72
55
58
66
59
56
56
58
68
66
53
58
71
69
59
68
66
59
58
59
65
65
84
55
53
70
51
60
65
73
51
64
64
60
44
53
55
74
47
54
73
61
61
48
49
65
56
63
60
47
54
52
67
44
50
70
65
62
61
50
59
61
63
48
64
66
66
53
57
49
51
61
57
70
65
59
55
65
48
64
47
56
62
58
54
64
58
55
50
61
46
67
53
52
51
56
56
62
40
51
56
38
55
46
48
42
70
64
59
60
41
63
52
38
57
53
46
53
52
47
53
56
69
50
50
53
63
41
46
47
46
49
53
63
57
54
52
57
45
47
44
41
35
66
38
55
56
50
57
43
54
46
63
56
35
63
63
46
51
52
64
57
46
50
62
51
40
66
46
62
52
60
59
60
38
31
44
52
43
69
64
51
56
60
47
54
64
49
53
61
51
48
51
44
57
45
60
55
53
48
68
57
47
51
44
56
39
45
46
50
58
46
49
56
45
59
47
37
34
36
48
61
51
48
43
41
48
53
49
40
55
41
58
37
57
47
53
41
48
40
52
41
50
50
43
48
39
50
44
48
46
42
50
49
44
42
41
45
55
50
50
45
47
41
54
44
59
56
59
53
53
48
42
26
43
42
36
46
40
41
44
39
48
53
34
49
47
38
45
47
50
43
40
36
56
43
40
45
41
38
51
42
47
38
56
46
43
55
51
40
46
34
41
47
49
52
42
39
49
56
44
59
48
49
36
37
47
42
40
47
50
40
37
46
42
42
39
42
45
36
40
35
48
47
36
39
35
43
42
35
48
47
41
52
36
50
40
36
45
42
53
34
45
46
46
44
43
51
28
36
48
34
47
45
36
44
39
45
35
33
47
44
40
42
43
46
49
39
59
42
46
40
65
45
47
36
55
52
42
37
33
38
35
46
39
55
45
30
50
41
49
50
41
46
34
33
45
49
47
49
42
41
40
41
47
54
55
50
42
27
51
52
32
33
50
52
40
50
43
41
49
39
37
50
36
36
38
54
42
49
46
49
56
43
41
36
42
45
32
42
47
31
32
41
54
43
38
46
36
37
34
41
37
51
39
40
45
38
41
45
39
34
47
29
52
48
37
35
34
34
41
42
35
50
48
34
34
50
38
52
46
39
38
59
47
45
44
54
39
33
33
41
50
40
43
45
50
26
29
40
45
40
50
42
50
46
41
49
41
41
56
42
31
27
49
41
41
44
47
37
41
33
37
36
45
48
33
43
39
35
46
35
38
52
39
47
50
46
38
42
47
38
48
49
38
40
40
50
47
27
52
38
39
32
39
34
43
40
40
43
38
44
50
38
42
45
35
47
49
46
32
41
43
38
50
49
48
42
44
43
35
49
34
43
35
31
39
42
42
35
53
40
36
43
41
42
33
40
36
36
44
35
37
23
43
41
39
41
42
49
40
37
33
37
51
51
34
44
45
37
46
30
48
46
37
37
40
41
47
40
46
44
47
37
39
38
39
31
43
29
46
25
33
36
46
48
48
48
44
35
35
36
30
45
35
50
43
35
38
56
54
42
46
38
54
36
32
56
40
37
40
44
36
39
34
31
39
36
50
37
39
43
42
34
45
50
49
42
47
44
44
43
26
37
45
37
41
35
38
38
41
32
48
42
36
36
46
47
42
34
45
39
45
35
39
38
44
44
38
38
49
33
43
37
39
41
43
41
45
46
40
34
44
42
42
38
45
32
37
45
49
42
31
40
37
46
40
36
45
51
33
39
42
28
34
50
34
42
40
38
38
46
34
47
35
46
44
50
49
39
26
42
41
41
44
36
35
50
41
35
34
43
40
40
36
39
43
44
45
42
42
34
51
31
34
32
35
57
45
48
38
43
43
50
43
44
33
47
51
40
36
40
45
27
45
47
44
34
37
44
31
44
47
44
35
37
35
43
55
42
38
51
40
27
37
32
39
39
37
38
35
52
38
26
41
31
32
33
40
33
45
33
35
38
42
48
47
32
47
43
49
46
34
40
52
34
32
23
32
43
35
33
29
50
32
33
33
40
39
51
21
31
33
35
43
40
33
39
38
48
31
43
34
29
41
30
29
47
29
37
39
40
31
42
40
39
28
29
34
30
40
30
38
39
31
40
33
38
33
43
29
33
44
41
29
26
35
36
41
32
28
28
24
40
36
29
36
33
31
24
23
32
34
27
36
22
31
28
25
34
24
30
30
25
39
31
38
24
32
27
17
28
24
31
19
24
34
23
35
30
22
24
27
16
18
27
18
24
18
26
28
24
16
14
16
21
22
20
26
20
24
30
26
27
29
25
17
20
28
23
23
22
17
24
19
19
22
21
18
15
15
19
20
22
22
19
23
21
24
16
19
16
18
18
17
20
22
15
25
17
9
20
18
12
24
17
12
14
19
16
13
21
19
17
9
18
21
13
20
17
13
13
15
11
15
17
16
16
10
23
17
10
10
13
19
12
12
18
16
16
26
13
17
6
14
10
16
16
19
11
26
15
14
17
7
9
16
22
16
11
14
16
16
16
16
16
13
17
17
19
15
8
8
14
16
11
10
8
10
11
11
14
15
13
13
16
14
7
6
19
16
7
11
6
18
9
12
12
8
10
9
5
14
9
14
10
9
11
6
15
12
8
3
7
19
9
11
9
4
10
12
13
9
7
5
12
8
10
13
5
14
7
11
12
8
14
7
8
16
10
16
9
10
12
7
12
9
9
9
11
13
6
11
13
10
13
11
9
6
8
10
9
12
15
7
16
16
13
9
2
7
4
9
12
10
6
10
11
7
3
16
10
11
10
11
8
7
9
7
12
11
6
14
12
9
9
12
8
11
4
9
9
12
3
12
8
7
7
13
10
12
12
10
11
9
15
7
11
6
8
7
17
9
6
10
7
9
7
5
10
3
11
7
8
12
8
10
8
12
6
14
8
7
12
8
9
4
9
8
11
10
6
13
8
8
7
8
7
8
7
7
6
8
7
3
8
6
6
12
7
8
7
7
17
8
12
9
12
5
12
6
15
10
11
8
8
8
12
8
11
5
5
5
9
10
11
13
9
14
11
7
6
9
9
19
7
8
9
16
16
8
12
9
11
10
12
11
13
11
13
9
16
9
6
10
10
6
10
19
9
7
14
15
9
7
15
12
16
11
9
17
5
5
7
9
16
10
13
11
19
18
13
14
14
8
9
9
6
12
11
11
12
16
10
12
11
18
12
13
12
17
17
10
16
13
11
10
15
11
17
11
14
14
15
17
11
12
19
10
15
14
18
19
13
14
16
19
14
17
21
21
13
17
14
15
13
10
20
16
19
20
10
20
18
16
22
20
18
18
26
13
24
26
19
18
18
18
29
19
23
24
25
22
14
24
19
22
22
15
17
21
18
22
26
24
21
26
18
33
33
19
21
22
34
29
26
21
25
23
26
16
27
19
24
24
17
25
21
28
33
34
33
34
41
27
38
39
25
35
47
51
42
54
39
35
28
31
37
45
32
43
39
42
40
35
54
50
50
45
49
51
56
58
52
68
41
51
56
44
61
60
66
58
57
62
54
54
73
70
72
73
72
66
86
87
64
63
72
65
62
73
71
87
73
65
90
69
90
91
92
86
87
88
89
87
81
94
86
93
107
98
97
114
94
99
117
105
125
100
126
124
117
110
140
136
138
121
121
136
109
126
120
154
136
131
160
135
146
142
155
134
158
144
135
153
183
173
157
134
170
155
156
180
161
176
177
160
161
186
169
197
194
191
196
195
169
189
202
178
176
187
183
198
168
185
193
195
231
201
185
218
203
203
200
189
202
206
220
231
215
234
241
229
222
238
245
228
234
259
220
240
197
258
232
229
268
226
248
239
241
225
246
264
243
242
245
229
220
250
257
242
249
246
220
225
252
239
229
264
273
267
249
250
261
257
242
278
265
248
249
233
204
227
225
229
245
264
237
239
247
201
217
266
237
221
257
236
226
229
234
223
204
241
207
229
227
217
204
213
223
188
219
189
195
237
205
204
184
211
200
192
198
213
199
224
158
187
161
167
180
163
169
175
155
142
156
119
162
162
165
140
174
163
150
140
143
156
144
156
156
133
134
141
122
120
122
129
108
143
111
125
112
105
101
116
123
114
82
99
113
104
80
104
108
93
92
109
96
80
90
83
88
70
81
71
78
72
63
57
73
90
72
64
60
63
67
66
68
51
55
59
54
48
70
51
55
46
58
45
40
39
46
54
43
38
36
33
41
37
41
32
26
35
26
33
30
32
29
25
26
25
28
16
24
33
27
30
23
28
15
21
16
23
22
13
21
25
18
20
19
12
13
12
12
15
16
15
15
15
8
13
8
12
14
6
10
7
2
8
13
8
9
8
11
13
9
7
6
11
6
8
9
16
4
3
5
8
5
5
8
5
4
5
5
2
4
5
3
4
4
2
0
2
4
3
6
6
3
5
1
5
0
5
3
5
2
3
3
1
3
3
0
1
1
4
2
4
1
0
3
4
0
2
4
3
5
0
1
1
1
3
2
2
1
2
1
0
0
2
1
1
2
0
1
0
1
2
2
2
1
0
1
0
0
0
1
1
1
1
0
1
2
0
0
0
1
1
2
2
0
0
3
1
2
1
0
0
2
1
2
0
2
0
0
2
0
0
0
0
0
2
0
2
1
0
2
2
0
1
1
0
1
0
0
1
0
0
0
1
0
0
0
1
0
0
0
1
0
1
0
3
1
1
1
0
0
0
0
2
0
1
2
1
1
0
1
0
0
2
1
3
3
1
1
1
2
0
0
2
0
0
0
2
0
1
0
0
0
0
1
1
2
0
0
3
1
0
0
1
1
1
0
0
0
0
0
0
3
1
1
0
0
1
0
1
1
0
1
1
0
0
1
1
2
0
0
4
1
0
0
0
1
0
1
0
0
1
0
0
1
0
0
1
0
0
1
0
0
1
1
1
0
3
0
1
0
0
1
2
0
1
0
0
2
1
0
0
0
0
2
3
0
1
0
1
1
0
1
1
0
0
1
0
0
1
0
1
0
0
0
0
2
0
1
0
1
0
0
0
2
1
1
1
1
0
0
1
0
0
0
1
1
1
0
0
0
0
1
1
0
1
1
0
0
1
1
0
1
0
0
0
2
0
1
0
0
0
1
0
0
0
0
2
1
0
0
0
2
2
1
0
0
0
1
1
1
0
0
0
0
0
2
1
1
0
0
0
0
0
0
0
0
1
0
0
2
0
0
0
1
0
3
1
2
2
1
0
0
0
0
0
0
1
1
0
1
1
0
0
0
0
0
0
2
0
0
0
0
0
0
0
1
1
0
0
0
0
0
1
0
0
0
0
0
1
0
1
0
0
0
0
0
0
0
1
0
1
0
1
1
0
1
1
0
0
1
1
0
1
0
0
1
0
0
0
1
0
0
0
1
0
0
0
0
1
0
1
0
3
0
1
0
0
0
1
0
1
3
0
0
0
0
0
1
0
0
0
0
0
0
0
2
0
0
0
0
1
2
0
0
0
0
0
0
1
3
0
0
0
0
0
1
0
0
0
0
1
0
0
0
0
0
1
0
0
0
0
0
0
0
0
0
0
0
0
1
0
2
3
0
1
0
2
0
0
2
0
0
1
0
0
0
0
0
0
1
2
0
0
0
1
0
4
1
1
1
2
1
0
0
2
0
0
1
0
1
1
0
0
0
1
0
0
0
1
0
1
0
0
3
0
1
0
0
0
0
0
0
1
0
0
0
0
1
1
0
2
0
0
0
0
0
1
1
0
0
0
1
0
0
0
0
0
1
0
0
0
3
0
1
0
1
1
1
0
0
0
0
0
0
0
1
1
1
0
0
0
0
1
1
0
0
1
2
1
0
1
0
0
0
0
0
0
0
0
0
0
1
0
0
0
1
1
0
0
1
1
1
0
0
1
0
0
3
0
1
1
0
0
0
0
1
0
1
0
1
1
2
0
1
0
1
0
0
1
0
2
0
0
0
0
0
1
0
0
0
0
1
0
0
0
0
0
0
1
0
0
0
1
1
0
0
0
1
0
0
1
0
0
1
0
1
0
0
1
0
2
0
1
0
0
0
1
0
1
0
0
1
1
1
0
1
1
0
1
2
0
1
0
0
0
1
0
0
0
0
0
0
0
1
0
1
1
0
0
0
0
1
0
0
0
0
2
1
0
0
0
0
0
1
0
1
0
0
0
0
1
0
0
0
0
1
0
0
0
0
0
0
0
0
0
0
0
0
1
0
0
0
0
0
0
0
0
0
0
0
0
0
0
0
1
0
1
1
0
0
1
1
2
0
1
0
0
1
0
0
0
0
0
1
0
0
0
0
0
1
0
1
0
0
0
0
0
0
0
1
0
0
0
0
1
0
0
0
1
0
0
1
0
1
0
1
1
0
0
1
0
0
0
0
0
0
0
0
0
0
0
0
0
0
1
0
0
0
0
0
0
0
0
0
0
1
0
0
0
1
0
0
1
1
0
0
0
1
0
1
1
0
0
0
0
0
0
0
0
1
0
0
1
0
2
1
1
1
0
1
0
0
0
0
2
0
1
1
0
0
0
0
0
1
1
0
0
0
0
0
0
0
0
0
0
0
0
1
0
1
0
0
1
0
1
0
2
0
0
0
0
0
0
0
0
0
0
0
0
1
0
0
0
1
0
0
0
0
0
1
1
0
2
0
0
0
0
1
0
0
0
0
1
0
0
0
0
0
0
2
0
0
1
0
0
0
0
0
0
1
0
0
0
0
0
2
0
1
1
1
0
2
1
0
0
1
0
0
0
0
0
0
0
1
0
0
0
1
0
0
0
1
0
0
1
0
0
1
0
0
0
0
1
0
0
0
0
0
0
0
0
1
0
0
0
1
0
0
0
0
0
0
0
1
0
1
0
0
0
1
1
0
1
0
0
0
0
0
0
1
0
0
0
0
0
0
1
0
0
2
0
0
0
0
0
0
0
0
0
0
0
0
0
0
0
0
0
1
1
0
0
0
0
1
2
1
0
0
0
1
1
0
0
0
0
0
0
1
1
1
0
0
0
0
0
0
1
1
0
0
0
2
1
1
0
0
1
0
0
0
0
0
1
0
0
0
0
2
0
0
0
0
0
0
0
0
0
1
0
0
0
0
0
0
0
0
0
0
1
0
0
1
1
1
0
0
0
0
0
0
1
1
0
0
0
0
1
0
1
1
1
0
0
0
1
1
0
0
0
1
0
1
0
0
0
0
0
1
1
0
0
0
1
0
1
0
0
1
0
0
0
1
0
0
0
0
0
0
1
0
1
2
0
1
0
0
0
0
0
0
1
0
1
0
0
0
0
0
0
0
0
0
0
0
0
0
0
0
0
0
0
1
0
1
0
0
0
0
1
1
0
1
0
0
0
0
0
0
0
1
0
0
1
0
1
0
0
1
0
0
0
1
0
0
1
0
0
0
0
0
1
0
0
0
0
0
1
0
0
0
1
0
1
0
0
1
1
0
0
0
0
0
0
0
0
0
0
0
0
0
0
1
0
0
0
0
0
0
1
0
1
1
1
1
0
0
1
0
0
1
0
0
0
0
1
0
1
0
0
0
0
0
0
0
0
0
0
0
0
0
0
0
0
0
0
1
0
0
0
0
0
1
0
0
0
1
1
0
0
0
1
0
0
0
0
1
0
0
0
0
0
1
0
0
0
0
1
0
0
0
0
0
1
1
0
1
0
1
0
0
0
0
0
0
1
0
0
1
1
0
1
0
0
0
1
0
0
0
0
0
1
0
0
0
0
0
0
0
1
0
0
0
0
0
0
0
0
0
0
1
0
0
1
1
0
0
1
0
0
0
0
0
0
0
0
0
0
0
0
0
0
1
0
1
0
0
0
0
0
0
0
0
0
0
0
0
0
0
1
0
0
0
1
0
0
1
0
0
0
0
0
1
0
0
0
0
0
0
0
0
1
1
1
0
0
0
0
0
0
0
0
0
0
0
0
0
0
0
0
1
0
0
1
0
0
0
0
3
0
0
0
0
0
0
0
0
0
0
0
0
0
0
0
1
0
0
0
0
0
0
1
0
0
0
0
0
0
0
0
0
0
0
0
0
0
0
0
0
0
0
0
0
0
0
0
0
0
0
0
0
0
1
0
0
0
0
0
0
0
0
0
1
0
0
0
0
0
0
1
0
0
0
0
0
0
0
0
1
0
0
0
0
0
0
0
0
0
0
0
0
1
1
0
0
0
0
0
0
0
0
0
0
0
0
0
0
0
1
2
1
0
1
0
0
1
1
1
0
0
0
0
1
0
0
0
0
1
0
0
0
0
0
0
0
1
0
0
0
0
0
0
0
0
1
0
0
0
0
0
0
0
0
0
1
0
0
0
0
0
0
1
1
0
0
0
0
0
0
0
0
0
0
0
0
0
0
0
0
0
0
0
0
0
0
0
0
1
0
0
0
0
1
0
0
0
0
0
0
0
0
0
0
0
0
1
0
0
0
0
0
0
0
0
0
0
0
0
0
0
0
1
0
0
0
0
0
1
0
0
0
1
0
0
0
1
0
0
1
0
0
1
0
0
1
0
0
1
0
0
0
0
1
0
0
0
0
1
1
0
0
0
0
1
0
0
0
0
0
1
1
0
0
1
0
0
0
0
0
0
0
0
0
0
0
0
0
0
0
0
0
0
0
0
0
1
0
1
0
0
0
0
0
0
0
0
0
0
0
0
0
0
0
0
0
0
0
0
0
1
0
0
0
0
0
0
1
0
0
1
0
1
1
1
0
0
0
0
0
0
0
1
0
0
2
0
0
0
0
1
0
0
1
2
1
0
1
0
0
0
0
0
0
0
1
0
0
0
1
0
0
0
0
0
0
0
0
0
0
0
0
0
0
0
0
0
1
0
0
0
0
0
0
1
0
0
0
0
0
0
0
1
0
0
0
0
1
0
0
0
0
0
0
0
0
0
0
0
0
0
0
0
0
0
1
1
0
0
0
0
0
0
0
0
0
1
0
0
0
0
0
0
0
0
0
0
0
0
0
1
0
1
0
1
0
1
0
0
0
0
0
0
0
1
0
0
0
0
0
1
0
0
0
0
0
1
1
0
0
0
0
0
0
0
0
0
0
0
0
0
0
0
0
0
0
0
0
0
0
0
0
0
1
0
0
0
0
0
0
0
0
0
0
0
0
0
0
0
0
0
0
0
0
0
0
2
0
0
0
0
0
0
0
0
0
1
1
0
0
0
0
0
0
0
1
0
1
0
0
0
0
0
0
0
0
0
0
0
0
0
0
0
0
0
1
1
0
0
1
0
0
0
0
0
0
0
0
0
0
0
1
1
0
0
0
1
0
0
0
0
0
0
0
0
2
0
0
0
0
0
0
0
0
0
0
0
2
1
1
0
0
0
0
0
0
0
0
0
0
0
0
1
0
0
0
0
0
0
0
0
1
0
0
1
1
0
1
0
1
0
0
0
0
0
0
0
0
0
0
0
0
0
0
2
0
0
0
0
1
2
0
0
1
1
0
0
0
0
0
0
0
0
1
0
0
0
1
0
0
0
0
0
1
1
0
0
0
0
1
0
0
0
0
0
0
0
1
1
0
0
0
0
0
0
0
0
0
0
0
0
0
0
0
0
0
2
0
0
0
2
0
0
0
0
0
0
0
0
1
0
0
0
0
0
0
0
1
0
1
0
0
0
0
0
0
0
0
1
1
1
0
0
0
1
0
0
0
0
1
0
1
0
0
0
0
0
0
0
0
0
0
1
0
0
0
0
0
0
0
1
0
0
0
0
0
0
0
0
0
0
0
0
0
0
0
1
0
0
0
0
0
0
0
0
0
0
0
0
0
0
0
0
0
0
0
0
0
0
0
0
0
0
1
0
0
0
0
0
0
0
0
0
0
0
0
0
0
0
0
0
0
0
0
0
0
0
0
0
1
0
0
0
1
0
0
0
1
0
0
0
0
0
0
0
0
1
0
0
0
0
0
0
0
0
0
0
0
0
0
0
0
0
0
0
0
0
0
0
0
0
0
0
0
0
0
0
0
0
1
0
0
0
0
0
1
0
0
0
0
0
0
0
0
0
0
0
0
0
0
1
0
0
0
0
0
0
1
1
0
0
0
0
0
0
0
0
0
0
0
0
0
0
0
0
1
0
0
0
1
0
0
0
1
0
0
0
0
0
0
0
0
0
0
0
0
0
0
0
0
2
0
0
0
0
0
0
0
0
0
0
0
0
0
0
0
0
0
0
0
0
0
0
0
0
0
0
0
0
0
0
0
0
0
0
0
0
0
0
0
0
0
0
0
0
0
0
0
0
0
0
0
0
0
0
0
0
0
0
0
0
1
0
0
0
0
0
0
1
0
1
0
0
0
0
1
0
1
0
0
0
0
0
0
0
0
0
0
0
0
0
0
0
0
0
0
0
0
0
0
2
0
0
0
1
0
0
0
0
0
0
0
0
0
0
0
0
1
0
0
0
0
0
0
0
0
0
0
0
0
0
0
0
0
0
0
0
0
0
0
0
0
0
0
0
0
1
0
0
0
1
0
0
1
1
0
0
1
0
0
0
0
0
0
1
0
0
0
1
0
0
0
0
0
0
0
1
0
0
0
0
0
0
0
0
0
0
0
0
1
0
0
0
0
0
0
0
0
0
0
0
0
0
0
0
0
0
0
0
0
0
0
0
0
0
0
0
0
0
0
0
0
0
1
0
1
0
0
0
1
0
0
0
0
0
0
0
0
1
0
0
0
0
0
0
0
0
0
0
0
0
0
0
1
0
0
0
0
0
0
0
0
0
0
0
0
0
0
0
0
0
0
1
0
0
0
0
0
0
0
0
0
0
0
0
0
0
0
0
0
0
0
0
0
0
0
0
0
0
0
0
0
0
0
0
0
0
1
0
0
0
0
0
0
0
0
0
0
0
0
0
0
0
0
0
0
0
0
0
0
0
0
0
0
0
1
0
0
0
0
0
0
0
0
0
0
0
0
0
0
0
0
0
0
0
1
0
0
0
0
0
0
0
0
0
0
0
0
0
0
0
0
0
0
0
0
0
0
0
0
0
0
0
0
0
0
0
0
0
0
0
0
0
0
0
0
0
0
0
0
0
0
0
0
0
0
0
0
0
0
0
0
0
0
0
0
0
0
0
0
0
0
0
0
0
0
0
0
0
0
0
0
0
0
0
0
0
0
0
0
0
0
0
1
0
0
0
0
0
0
0
0
0
0
0
0
0
0
0
0
0
0
0
0
0
0
0
0
0
0
0
0
0
0
0
0
0
0
0
0
0
0
0
0
0
0
0
0
0
0
0
0
0
0
0
0
0
0
0
0
0
0
0
0
0
0
0
0
0
0
0
0
0
0
0
0
0
0
0
0
0
0
0
0
0
0
0
0
0
0
0
0
0
0
0
0
0
0
0
0
0
0
0
0
0
0
0
0
0
0
0
0
0
0
0
0
0
0
0
0
0
0
0
0
0
0
0
0
0
0
0
0
0
0
0
0
0
0
0
0
0
0
0
0
0
0
0
0
0
0
0
0
0
0
0
0
0
0
0
0
0
0
0
0
0
0
0
0
0
0
0
0
0
0
0
0
0
0
0
0
0
0
0
1
0
0
0
0
1
0
0
0
0
0
0
0
0
0
0
0
0
0
0
0
0
0
0
0
0
0
0
0
0
0
0
0
0
1
0
0
0
0
0
0
0
0
0
0
0
0
0
0
0
0
0
0
0
0
1
0
0
0
0
0
0
0
0
0
0
0
0
0
0
0
0
0
0
0
0
0
0
0
0
0
0
0
0
0
0
0
0
0
0
0
0
0
0
0
0
0
0
0
0
0
0
0
0
0
0
0
0
0
0
0
0
0
0
0
0
0
0
0
0
0
0
0
0
0
0
0
0
0
0
0
0
0
0
0
0
0
0
0
0
0
0
0
0
0
0
0
0
0
0
0
0
0
0
0
0
0
0
0
0
0
0
0
0
0
0
0
0
0
0
0
0
0
0
0
0
0
0
0
0
0
0
0
0
0
0
0
0
0
0
0
0
0
0
0
0
0
0
0
0
0
0
0
0
0
0
0
0
0
0
0
0
0
0
0
0
0
0
0
0
0
0
0
0
0
0
0
0
0
0
0
0
0
0
0
0
0
0
0
0
0
0
0
0
0
0
0
0
0
0
0
0
0
0
0
0
0
0
0
0
0
0
0
0
0
0
0
0
0
0
0
0
0
0
0
0
0
0
0
0
0
0
0
0
0
0
0
0
0
0
0
0
0
0
0
0
0
0
0
0
0
0
0
0
0
0
0
0
0
0
0
0
0
0
0
0
0
0
0
0
0
0
0
0
0
0
0
0
0
0
0
0
0
0
0
0
0
0
0
0
0
0
0
0
0
0
0
0
0
0
0
0
0
0
0
0
0
0
0
0
0
0
0
0
0
0
0
0
0
0
0
0
0
0
0
0
0
0
0
0
0
0
0
0
0
0
0
0
0
0
0
0
0
0
0
0
0
0
0
0
0
0
0
0
0
0
0
0
0
0
0
0
0
0
0
0
0
0
0
0
0
0
0
0
0
0
0
0
0
0
0
0
0
0
0
1
0
0
0
0
0
0
0
0
0
0
0
0
0
0
0
0
0
0
0
0
0
0
0
0
0
0
0
0
0
0
0
0
0
0
0
0
0
0
0
0
0
0
0
0
0
0
0
0
0
0
0
0
0
0
0
0
0
0
0
0
0
0
0
1
0
0
0
0
0
0
0
0
0
0
0
0
1
0
0
0
0
0
0
0
0
0
0
0
0
0
0
0
0
0
0
0
0
0
0
0
0
0
0
0
0
0
0
0
0
0
0
0
0
0
0
0
0
0
0
0
0
0
0
0
0
0
0
0
0
0
0
0
0
0
0
0
0
0
0
0
0
0
0
0
0
1
0
0
0
0
0
0
0
0
0
0
0
0
0
0
0
0
0
0
0
0
0
0
0
0
0
0
0
0
1
0
0
0
0
0
0
0
0
0
0
0
0
0
0
0
1
0
0
0
0
0
0
1
0
1
0
0
1
0
0
0
0
0
0
0
0
0
0
0
0
0
0
0
0
0
0
0
0
0
0
0
0
0
0
0
0
0
0
0
0
0
0
0
0
0
0
0
0
0
0
0
0
0
0
0
1
0
0
0
0
0
0
0
0
0
0
0
0
0
0
0
0
0
0
0
0
0
0
0
0
0
0
0
0
0
0
1
0
0
0
0
0
0
0
0
0
0
0
0
0
0
0
0
0
0
0
0
0
0
0
0
0
0
0
0
0
0
0
0
0
0
0
0
0
0
0
0
1
0
0
0
0
0
0
0
0
0
0
0
0
0
0
0
0
0
0
0
0
0
0
0
0
0
0
0
0
0
0
0
0
0
0
0
0
0
0
0
0
0
0
0
0
0
0
0
0
0
0
0
0
0
0
0
0
0
0
0
0
0
0
0
0
0
0
0
0
0
0
0
0
0
0
0
0
0
0
0
0
0
0
0
0
0
0
0
0
0
0
0
0
0
0
0
0
0
0
0
0
0
0
0
0
0
0
0
0
0
0
0
0
0
0
0
0
0
0
0
0
0
0
0
0
0
0
0
0
0
0
0
0
0
0
0
0
0
0
0
0
0
0
0
0
0
0
0
0
0
0
0
0
0
0
0
0
0
0
0
0
0
0
0
0
0
0
0
1
0
0
0
0
0
0
0
0
0
0
0
0
0
0
0
0
0
0
0
0
0
0
0
0
0
0
0
0
0
0
0
0
0
0
0
0
0
0
0
0
0
0
0
0
0
0
0
0
0
0
0
0
0
0
0
0
0
0
0
0
0
0
0
0
0
0
0
0
0
0
0
0
0
0
0
0
0
0
0
0
0
0
0
0
0
0
0
0
0
0
0
0
0
0
0
0
0
0
0
0
0
0
0
0
0
0
0
0
0
1
0
0
0
0
0
0
0
0
0
0
0
0
0
0
0
0
0
0
0
0
0
0
0
0
0
1
0
0
0
0
0
0
0
0
0
0
0
0
0
0
0
0
0
0
0
0
0
1
0
0
0
0
0
0
0
0
0
0
0
0
0
0
0
0
0
0
0
0
0
0
0
0
0
0
0
0
0
0
0
0
0
0
0
0
0
0
0
0
0
0
0
0
0
0
0
0
0
0
0
0
0
0
0
0
0
0
0
0
0
0
0
0
0
0
0
0
0
0
0
0
0
0
0
0
0
0
0
0
0
0
0
0
0
0
0
0
0
0
0
0
0
0
0
0
0
0
0
0
0
0
0
0
0
0
0
0
0
0
0
0
0
0
0
0
0
0
0
0
0
0
0
0
0
0
0
0
0
0
0
0
0
0
0
0
0
0
0
0
0
0
0
0
0
0
0
0
0
0
0
0
0
0
0
0
0
0
0
0
0
0
0
0
0
0
1
0
0
0
0
0
0
0
0
0
0
0
0
0
0
0
0
0
0
0
0
0
0
0
0
0
0
0
0
0
0
0
0
0
0
0
0
0
0
0
0
0
0
0
0
0
0
0
0
0
0
0
0
0
0
0
0
0
0
0
0
0
0
0
0
0
0
0
0
0
0
0
0
0
0
0
0
0
0
0
0
0
0
0
0
0
0
0
0
0
0
0
0
0
0
0
0
0
0
0
1
0
0
0
0
0
0
0
0
0
0
0
0
0
0
0
0
0
0
0
0
0
0
0
0
0
0
0
0
0
0
0
0
0
0
0
0
0
0
0
0
0
0
0
0
0
0
0
0
0
0
0
0
0
0
0
0
0
0
0
0
0
0
0
0
0
0
0
0
0
0
0
0
0
0
0
0
0
0
1
0
0
0
0
0
0
0
0
0
0
0
0
0
1
0
0
0
0
0
0
0
0
0
0
1
0
0
0
0
0
0
0
0
0
0
0
0
0
0
0
0
0
0
0
0
0
0
0
0
0
0
0
0
0
0
0
0
0
0
0
0
0
0
0
0
0
0
0
0
0
0
0
0
0
0
0
0
0
0
0
0
0
0
0
0
0
0
0
0
0
0
0
0
0
0
0
0
0
0
0
0
0
0
0
0
0
0
0
0
0
0
0
0
0
0
0
0
0
1
0
0
0
0
0
0
0
0
0
0
0
0
0
0
0
0
0
0
0
0
0
0
0
0
0
0
0
0
0
0
0
0
0
0
0
0
0
0
0
0
0
0
0
0
0
0
0
0
0
0
0
0
0
0
0
0
0
0
0
0
0
0
0
0
0
0
0
0
0
0
0
0
0
0
0
0
0
0
0
0
0
0
0
0
0
0
0
0
0
0
0
0
0
0
0
0
0
0
0
0
0
0
0
0
0
0
0
0
0
0
0
0
0
0
0
0
0
0
0
0
0
0
0
0
0
0
0
0
0
0
0
0
0
0
0
0
0
0
0
0
0
0
0
0
0
0
0
0
0
0
0
0
0
0
0
0
0
0
0
0
0
0
0
0
0
0
0
0
0
0
0
0
0
0
0
0
0
0
0
0
0
0
0
0
0
0
0
0
0
0
0
0
0
0
0
0
0
0
0
0
0
0
0
0
0
0
0
0
0
0
0
0
0
0
0
0
0
0
0
0
0
0
0
0
0
0
0
0
0
0
0
0
0
0
0
0
0
0
0
0
0
0
0
0
0
0
0
0
0
0
0
0
0
0
0
0
0
0
0
0
0
0
0
0
0
0
0
0
0
0
0
0
0
0
0
0
0
0
0
0
0
0
0
0
0
1
0
0
0
0
0
0
0
0
0
0
0
0
0
0
0
0
0
0
0
0
0
0
0
0
0
0
0
0
0
0
0
0
0
0
0
0
1
0
0
0
0
0
0
1
0
0
0
0
0
0
0
0
0
0
0
0
0
0
0
0
0
0
0
0
0
0
0
0
0
0
0
0
0
0
0
0
0
0
0
0
0
0
0
0
0
0
0
0
0
0
0
1
0
0
0
0
0
0
0
0
0
0
0
0
0
1
0
0
0
0
0
0
0
0
0
0
0
0
0
0
0
0
0
0
0
0
0
0
0
0
0
0
0
0
0
0
0
0
0
0
0
0
0
0
0
0
0
0
0
0
0
0
0
0
0
0
0
0
0
0
0
0
0
0
0
0
0
0
0
0
0
0
0
0
0
0
0
0
0
0
0
0
0
0
0
0
0
0
0
0
0
0
0
0
0
0
0
0
0
0
0
0
0
0
0
0
0
0
0
0
0
0
0
0
0
0
0
0
0
0
0
0
0
0
0
0
0
0
0
0
0
0
0
0
0
0
1
0
0
1
0
0
0
0
0
0
0
0
0
0
0
0
1
0
0
0
1
1
0
0
0
0
1
0
0
0
0
0
0
1
0
0
0
1
0
0
0
1
0
0
0
2
0
0
0
0
0
1
0
0
1
0
1
0
1
0
0
0
1
2
0
0
0
2
0
0
0
0
1
0
2
0
0
1
1
1
0
1
1
0
0
0
0
0
0
0
0
2
0
0
0
0
0
0
0
0
1
0
0
0
1
0
1
0
2
2
1
0
0
0
1
0
0
0
1
0
0
0
0
1
0
0
0
0
0
0
0
0
0
0
1
1
0
0
1
0
0
1
0
0
