0
0
0
0
0
0
0
0
0
0
0
0
0
0
0
0
0
0
0
0
0
0
0
0
0
0
0
0
0
0
0
0
0
0
0
0
0
0
0
0
0
0
0
0
0
0
0
0
0
0
0
0
0
0
0
0
0
0
0
0
0
0
0
0
0
0
0
0
0
0
0
0
0
0
0
0
0
0
0
0
0
0
0
0
0
1
0
0
0
1
0
0
1
0
0
1
0
0
0
0
1
0
0
6
33
78
100
93
83
103
107
88
99
93
109
96
111
115
127
119
107
131
135
106
109
116
95
111
100
96
101
109
97
99
110
104
88
108
94
106
115
135
114
115
115
99
111
108
115
112
120
103
89
128
114
100
108
126
108
123
114
102
120
107
91
116
121
131
91
116
127
113
131
129
124
113
104
133
125
117
120
122
111
122
133
119
123
144
118
130
122
129
136
113
118
123
127
119
131
114
134
119
139
141
136
123
128
134
132
145
140
134
130
147
146
148
135
134
133
127
135
112
152
144
144
144
153
147
130
152
142
139
150
133
140
159
151
161
149
165
128
147
143
143
136
159
134
186
171
166
150
162
159
185
153
163
154
169
159
151
178
168
160
164
183
179
152
193
174
166
164
180
166
152
161
157
173
175
150
161
170
180
177
171
171
183
174
155
169
159
177
152
168
153
176
154
159
173
175
162
149
165
147
180
182
141
165
167
156
164
152
183
191
163
172
171
161
143
208
126
143
183
167
165
158
161
207
144
140
160
165
167
153
169
152
190
169
165
165
178
183
162
163
192
153
183
148
164
163
152
171
161
183
162
149
168
166
147
166
170
142
172
156
180
156
172
160
157
148
156
165
163
174
166
169
175
150
152
161
168
137
159
162
163
167
149
166
154
156
168
164
169
144
149
163
161
143
176
163
155
164
167
158
156
140
173
160
171
157
182
144
158
157
169
168
166
143
156
168
180
166
159
158
127
147
176
145
166
159
143
175
156
157
174
154
167
147
159
154
171
147
139
147
161
175
157
151
159
158
161
146
162
134
168
159
145
171
162
151
160
186
140
152
166
155
179
135
147
170
144
156
134
165
153
143
141
140
159
144
156
146
176
165
153
136
171
174
138
152
160
162
148
136
162
146
155
163
158
143
154
171
158
147
155
164
139
154
150
166
145
160
147
161
179
144
160
134
147
149
156
146
154
157
160
162
156
152
155
139
166
141
158
160
119
134
160
129
147
146
140
151
156
138
156
142
153
160
167
158
158
168
150
147
144
162
142
143
151
140
132
129
127
145
128
156
140
148
143
146
143
132
141
140
148
133
146
157
138
153
155
132
139
144
153
142
125
137
151
156
160
145
121
154
133
142
154
147
139
134
145
128
138
130
145
149
147
139
144
125
143
150
142
161
152
122
141
146
121
136
120
116
153
158
127
144
134
114
133
118
139
145
156
114
133
141
145
121
111
151
133
141
109
133
142
143
135
132
139
141
117
151
136
152
146
126
131
137
136
129
130
131
126
130
138
145
150
153
132
142
124
133
147
128
129
125
142
135
131
138
137
162
161
126
147
133
142
146
111
139
165
136
148
128
145
136
142
137
123
155
140
138
139
122
129
126
133
123
128
162
135
138
157
126
150
131
146
167
136
150
134
148
141
137
140
137
148
135
163
128
157
146
150
146
128
141
130
171
163
136
152
133
161
150
137
147
164
157
158
128
176
157
152
171
150
135
132
159
145
157
145
146
157
177
175
157
148
162
163
161
151
146
146
170
173
154
172
168
174
152
161
164
162
153
170
164
163
166
168
163
148
169
177
161
153
170
200
192
159
151
180
153
192
171
185
153
168
191
156
186
171
168
188
183
183
166
153
165
164
160
175
169
182
150
138
167
187
154
159
184
168
181
175
156
144
164
150
156
183
161
156
145
180
171
181
145
153
139
151
134
162
138
145
143
148
176
157
149
158
173
158
156
136
158
147
166
158
154
188
143
143
145
154
143
157
167
151
154
153
131
135
144
156
140
153
149
145
120
158
147
142
137
135
134
159
126
124
151
147
142
125
142
142
147
136
132
147
161
159
124
131
143
121
114
123
140
118
139
156
140
127
109
138
124
111
121
104
153
120
134
117
135
124
131
127
135
128
139
129
134
124
136
122
131
132
108
153
130
128
110
134
110
119
109
105
115
137
107
135
120
119
122
126
130
116
114
115
118
126
119
142
133
118
125
103
120
127
121
121
113
129
98
110
112
134
140
112
129
114
114
106
108
126
108
105
140
113
103
116
127
104
125
123
117
100
120
128
100
144
124
94
131
119
111
106
107
107
112
115
106
118
109
121
119
124
113
138
111
122
117
118
126
106
109
114
115
113
113
128
101
99
116
89
87
114
97
112
103
102
115
104
112
97
121
102
128
92
127
104
118
115
94
94
101
112
108
123
101
121
102
104
93
110
97
98
125
115
109
114
103
94
101
101
100
89
107
114
104
119
109
114
115
108
106
115
97
122
102
121
79
114
87
100
109
96
102
92
122
107
108
89
114
93
104
100
106
105
94
108
112
82
106
88
103
101
118
105
94
117
93
105
105
98
108
97
102
102
96
91
108
100
89
96
102
108
95
91
82
106
108
95
100
97
115
94
87
113
107
90
94
112
104
102
82
79
108
105
112
87
94
114
101
89
94
118
108
102
103
104
92
102
98
78
117
90
84
114
99
113
82
87
105
92
82
100
95
79
81
87
101
93
112
94
93
96
86
102
100
100
87
109
107
102
86
86
95
109
86
91
95
100
96
100
95
84
107
85
105
107
95
104
92
92
85
100
67
94
92
93
100
83
83
100
96
73
94
100
82
108
93
105
94
107
93
88
87
81
99
83
96
98
100
89
105
97
76
95
86
90
107
87
90
103
94
88
76
94
99
87
88
85
78
88
104
96
85
100
88
95
102
84
101
78
68
88
86
91
94
82
88
98
82
65
72
107
82
112
98
103
77
76
82
103
86
88
87
87
92
102
89
98
96
79
86
90
92
88
81
95
86
82
75
99
97
91
88
97
77
107
96
79
92
81
97
93
79
83
70
91
80
85
73
106
88
79
75
86
86
104
87
65
77
76
76
76
83
69
72
86
91
76
77
88
77
86
72
106
70
87
99
83
61
74
85
75
75
87
67
81
75
77
62
89
79
82
86
88
76
85
77
75
99
88
87
75
96
63
77
97
63
83
75
90
85
67
75
96
77
90
78
92
80
80
90
81
90
82
104
79
87
83
75
89
75
92
78
75
65
66
78
71
71
84
82
91
83
82
87
80
83
70
68
77
77
83
91
75
83
76
83
67
78
83
70
105
70
65
92
74
86
70
97
81
74
79
100
72
86
75
91
82
109
77
89
65
68
87
79
94
114
86
71
88
75
73
84
77
72
84
77
73
74
79
82
85
79
82
75
70
73
88
66
69
83
68
81
91
77
71
80
69
69
78
79
84
79
94
73
65
88
95
69
79
92
76
80
89
78
59
86
70
94
66
72
78
66
94
66
75
60
68
76
79
69
59
79
94
72
86
77
82
87
80
75
89
90
76
79
79
100
86
69
81
77
72
82
61
80
79
66
76
70
79
67
70
77
74
80
85
70
83
75
69
70
71
84
86
87
88
84
71
88
75
78
91
79
81
80
79
73
85
75
83
91
67
73
63
81
79
80
77
53
76
90
88
82
81
87
77
75
76
70
74
72
79
81
70
72
72
92
63
82
73
61
84
73
67
99
84
74
72
73
73
77
77
75
78
75
75
82
78
74
75
79
66
75
64
83
91
72
92
83
76
76
76
85
78
73
82
79
75
67
83
65
87
70
71
71
72
82
75
79
80
66
86
66
71
73
63
76
73
68
65
69
70
67
67
74
50
84
74
76
78
81
95
63
73
88
86
80
71
73
63
82
71
76
80
67
96
74
81
75
79
73
82
61
71
71
86
80
83
80
61
72
80
87
73
85
80
68
63
71
69
67
81
75
72
80
67
56
79
74
76
74
74
61
78
78
67
75
80
61
78
77
81
66
66
81
67
90
70
65
89
61
67
78
87
74
70
73
76
72
73
75
86
82
74
65
73
71
80
77
70
67
92
79
74
76
81
70
77
77
71
82
62
69
70
69
64
57
77
71
64
80
80
63
62
69
82
84
62
72
66
73
71
78
77
75
81
77
80
79
73
77
75
69
78
71
86
81
67
78
79
69
86
72
79
71
85
76
72
79
63
72
88
57
67
73
86
85
77
63
70
79
72
94
79
69
82
90
73
62
79
69
70
79
91
89
66
53
63
85
88
76
80
79
88
77
80
73
84
86
68
78
74
70
65
72
87
89
68
69
72
62
74
66
71
69
68
76
74
67
56
84
61
65
83
86
79
66
69
98
66
87
71
65
71
72
74
73
73
77
78
65
79
62
60
67
72
61
77
74
73
73
74
66
70
70
79
77
65
77
74
62
74
80
76
73
67
81
73
71
76
63
77
72
65
63
70
66
76
80
72
83
74
73
66
70
75
63
73
75
76
59
69
76
84
66
96
62
68
62
75
83
71
74
65
85
63
83
75
65
69
76
84
74
74
66
58
74
62
78
83
66
88
83
65
70
61
77
67
56
73
87
78
84
78
71
65
70
61
75
68
71
68
75
73
69
78
79
68
66
82
72
65
74
58
72
84
76
88
67
70
71
73
67
67
74
61
72
71
79
64
81
74
88
73
50
84
70
76
68
82
61
69
59
71
69
67
81
88
72
69
70
72
75
61
74
68
77
66
61
73
87
76
82
73
78
81
86
73
82
79
94
84
85
80
47
78
60
76
67
71
72
62
76
70
87
69
77
80
59
77
66
83
67
85
87
80
81
78
66
68
55
68
82
76
86
67
76
80
64
71
76
46
92
73
82
67
69
66
80
71
58
73
63
68
68
61
82
75
87
64
72
79
82
72
83
90
82
64
78
74
83
81
72
68
76
73
71
79
70
79
68
66
66
76
58
84
80
81
78
87
79
65
73
59
75
80
77
77
76
85
70
72
64
63
84
91
78
73
62
84
75
55
72
73
66
71
76
79
77
57
68
60
72
74
75
82
72
86
67
69
66
50
69
75
72
66
68
57
69
72
65
67
81
72
66
71
69
77
77
71
72
73
58
72
73
77
88
66
67
66
84
74
67
60
70
71
65
62
67
84
64
74
65
88
78
69
78
62
67
81
70
76
65
75
73
65
75
71
59
78
79
76
73
64
69
70
74
77
59
77
70
74
62
59
70
61
73
78
76
67
80
74
56
74
67
57
59
66
67
71
89
71
78
62
75
76
78
72
79
78
85
71
48
69
84
56
82
67
73
68
77
80
53
75
69
74
69
88
64
62
68
76
66
77
63
66
85
78
85
79
68
56
68
77
66
65
70
58
86
74
67
79
72
67
81
91
61
59
68
71
60
79
56
69
66
65
69
67
67
66
80
66
77
74
69
72
75
75
75
75
61
71
89
79
61
58
72
66
77
63
64
60
60
71
70
79
76
80
73
65
69
71
73
62
90
62
79
67
67
82
66
98
70
86
60
56
82
72
68
64
80
59
78
63
62
81
70
72
78
69
53
69
74
57
48
57
69
66
61
78
84
74
70
75
67
69
85
69
66
62
92
66
78
75
77
73
65
66
70
72
69
64
78
65
66
73
66
78
79
83
68
74
68
67
78
74
80
89
63
87
75
77
73
73
70
68
71
59
72
70
69
78
71
79
83
75
67
67
88
70
76
71
79
80
85
82
79
71
70
73
78
69
70
82
66
60
81
75
72
81
72
64
83
73
65
76
85
86
85
65
83
72
71
80
62
60
63
70
82
70
82
75
76
58
84
78
82
65
82
71
73
73
75
75
63
60
75
78
75
73
66
58
71
83
83
77
79
65
74
67
74
81
76
72
65
65
72
69
84
83
72
65
78
81
59
69
60
73
72
64
76
62
80
88
64
65
80
75
72
72
81
72
74
74
76
70
66
71
72
75
62
78
78
93
76
77
83
76
71
71
70
58
65
66
69
61
80
66
73
86
61
72
70
85
72
69
75
75
73
70
77
83
64
70
76
62
80
79
71
71
78
66
77
83
71
59
73
76
82
74
82
69
61
89
70
75
69
68
80
72
83
85
73
59
70
84
81
86
74
73
83
65
84
89
73
81
63
74
74
83
84
68
87
77
86
80
72
73
69
61
68
70
83
77
80
76
66
69
72
71
82
72
63
74
70
79
69
70
72
67
71
83
80
79
77
68
73
83
63
70
88
77
82
77
90
85
59
80
78
71
62
92
87
91
78
86
74
71
63
84
83
79
67
82
54
87
63
85
75
74
65
74
71
76
76
76
79
97
88
91
80
88
79
76
74
80
72
76
73
81
93
74
90
78
68
77
80
71
69
87
100
85
86
67
87
81
72
67
97
81
85
74
87
70
82
79
92
75
82
72
80
76
73
78
70
73
76
74
77
78
65
77
80
72
85
72
73
69
71
77
82
75
75
65
78
73
84
66
80
69
63
97
83
81
76
79
87
79
81
75
75
75
103
70
90
78
71
84
69
83
101
91
86
74
64
90
82
75
77
68
69
69
73
77
75
99
77
101
59
84
88
94
76
82
81
91
73
103
84
81
79
92
77
83
92
73
81
80
84
70
73
85
83
89
69
79
66
76
73
75
92
84
91
75
77
79
87
88
69
86
72
92
83
93
74
77
90
100
95
76
87
80
87
76
76
90
82
81
83
70
71
79
80
103
85
74
77
79
89
69
85
78
93
88
74
77
79
97
86
88
63
76
69
94
99
79
81
62
77
86
79
84
90
77
83
94
76
84
78
81
79
99
66
88
81
88
83
80
96
83
70
89
68
74
96
89
86
76
83
83
75
101
67
80
84
80
73
89
72
67
83
81
76
82
87
103
78
77
74
79
75
74
83
81
79
92
85
82
87
73
90
61
97
91
100
81
81
78
65
83
68
76
77
83
73
89
73
78
69
93
77
84
73
83
76
91
63
79
84
82
64
79
85
83
88
84
94
92
79
70
86
91
99
93
85
87
75
103
84
75
100
98
96
72
83
83
75
73
77
94
72
82
88
81
92
97
77
72
76
71
86
85
97
88
77
81
77
77
75
82
91
82
92
82
91
91
81
87
83
90
80
87
108
81
72
87
71
98
78
75
73
96
77
77
76
96
72
82
66
100
100
93
76
101
73
81
75
80
87
73
65
87
92
95
71
99
77
111
65
101
77
79
70
79
81
68
95
70
89
85
82
91
76
77
87
90
91
85
78
91
76
87
77
83
89
78
74
92
93
94
84
73
82
95
85
80
86
81
80
72
107
87
58
76
87
95
87
83
96
79
86
71
87
80
92
88
91
75
81
71
91
84
73
93
82
80
90
84
89
87
81
91
86
76
83
71
79
83
67
85
68
72
75
71
78
79
90
71
85
75
89
92
76
76
80
66
87
70
66
85
81
76
73
87
97
83
71
83
78
72
78
75
100
89
72
70
72
67
81
89
91
77
74
86
72
74
61
79
65
60
69
70
78
69
74
63
96
71
76
83
76
71
77
73
73
67
58
71
93
76
71
69
75
68
67
68
80
69
72
59
88
64
73
66
66
84
64
75
64
63
82
74
75
65
71
56
72
70
59
74
68
80
83
73
77
68
66
82
74
64
61
63
62
82
64
65
77
58
74
67
62
63
65
68
64
70
74
55
58
65
77
71
70
76
74
57
48
62
55
71
60
49
69
58
60
79
54
68
67
56
48
68
64
66
69
66
62
55
66
52
59
59
58
66
71
65
66
76
56
67
62
64
76
61
63
73
65
60
53
58
80
69
64
49
71
74
58
53
56
54
67
71
66
65
64
52
62
45
74
50
62
47
69
55
68
69
69
53
53
54
64
65
55
54
57
51
66
51
55
45
71
58
56
40
56
65
63
70
46
59
63
48
62
59
57
55
39
46
59
67
71
62
54
51
54
55
52
54
66
68
47
71
66
58
61
46
60
49
65
60
55
50
50
61
55
64
52
63
55
57
68
44
54
46
71
51
61
64
61
50
46
51
56
40
53
49
55
47
62
65
60
56
57
66
56
49
59
53
62
52
50
66
53
44
63
56
55
70
59
55
54
60
53
49
55
49
43
44
56
76
56
56
50
52
59
51
63
55
54
52
45
49
53
50
55
50
39
49
58
50
49
63
58
58
59
53
51
60
49
58
57
49
54
68
62
61
53
58
59
65
55
48
43
62
50
60
46
52
73
57
51
52
41
49
48
40
44
53
56
42
57
57
42
33
45
49
63
51
53
39
53
53
43
57
50
48
60
41
53
61
58
58
51
55
68
62
51
44
50
49
58
45
49
57
60
48
48
51
66
50
57
48
62
57
60
45
43
56
59
54
52
42
61
62
60
56
68
47
54
71
54
61
51
51
58
56
37
44
48
54
55
53
49
59
66
58
61
54
58
42
41
50
51
45
57
41
56
50
47
51
55
56
58
48
43
50
64
54
53
52
46
58
54
63
47
57
44
52
58
44
53
50
73
57
48
55
42
51
61
50
60
58
49
76
44
48
47
48
42
55
52
52
45
51
56
51
48
50
50
53
50
59
49
39
48
54
39
49
51
60
60
55
46
52
49
64
44
43
57
37
42
56
58
51
43
70
54
57
62
50
64
51
48
65
52
40
53
64
52
56
49
54
53
50
50
58
61
53
48
59
59
56
57
64
57
44
47
57
42
55
59
59
51
58
51
53
55
43
59
66
67
58
56
48
64
61
75
54
67
60
57
58
54
57
53
47
55
49
58
68
57
70
47
46
55
52
58
63
53
59
64
60
54
63
68
67
69
54
59
56
60
71
64
79
67
67
65
53
62
77
65
57
64
71
59
49
50
67
71
68
75
59
57
58
60
73
66
80
76
81
65
74
51
89
75
57
62
77
58
81
65
81
69
78
77
84
67
85
75
76
68
82
72
68
75
73
74
86
67
80
75
71
83
84
88
87
95
89
72
81
99
90
88
98
78
96
102
94
71
86
90
88
103
90
110
104
95
112
113
94
92
119
87
99
92
105
91
123
116
112
103
115
95
115
107
114
114
115
133
129
124
111
112
107
133
117
131
124
116
135
138
135
121
121
106
131
141
130
114
152
133
143
121
139
137
164
130
152
143
128
148
125
148
129
134
148
167
141
141
143
179
155
148
167
174
172
144
176
156
162
169
171
138
176
163
172
155
176
171
181
171
162
161
174
144
168
201
195
180
174
163
176
186
183
208
163
182
154
202
180
187
149
158
213
175
173
177
188
201
170
197
213
168
189
170
174
197
177
172
193
186
175
174
179
174
174
203
188
184
177
199
189
205
206
197
179
189
183
175
180
176
217
196
213
183
197
195
190
189
160
197
172
197
183
178
185
171
183
168
168
169
199
175
164
175
182
190
177
192
154
161
145
176
149
164
168
182
159
172
170
141
165
174
163
176
173
158
153
161
145
144
159
151
155
156
158
153
155
142
156
151
142
141
150
146
131
153
162
126
146
149
123
155
156
157
130
130
136
123
117
132
141
117
122
137
126
118
119
109
117
119
98
129
128
111
114
106
101
121
109
86
107
100
101
103
109
110
96
77
111
85
109
82
96
96
97
92
87
94
71
92
87
65
96
81
92
99
67
84
70
68
95
69
86
77
71
75
69
79
65
76
68
66
67
76
73
74
75
95
78
86
52
57
73
53
59
62
54
52
55
56
49
39
64
40
54
41
59
53
48
47
49
38
52
43
46
49
37
47
48
42
52
34
50
45
42
42
41
41
33
44
48
43
42
32
40
46
28
41
33
46
39
38
42
38
44
30
35
30
33
29
34
35
32
32
28
30
27
22
31
25
32
33
21
39
30
30
26
36
36
41
27
33
27
27
21
32
27
30
28
35
25
18
29
38
29
21
30
32
23
21
23
28
23
26
34
26
26
28
24
37
29
27
25
35
40
25
26
19
25
37
30
28
35
27
26
22
19
30
22
24
34
30
32
41
30
31
33
33
47
32
38
27
22
45
34
33
24
27
40
33
32
40
42
33
36
33
46
35
33
33
37
33
43
45
49
40
41
29
32
38
38
45
36
45
41
50
46
39
27
31
39
41
44
40
48
36
37
41
48
42
47
42
45
48
41
53
45
51
65
43
48
46
68
53
52
61
52
47
46
54
53
56
46
52
46
55
57
54
57
57
59
72
49
62
55
62
68
82
57
64
72
69
52
72
74
66
81
81
66
70
68
71
64
83
63
87
69
74
77
93
73
76
82
86
65
84
78
85
87
82
100
94
99
79
97
108
88
99
96
83
92
92
90
94
98
85
96
80
92
91
103
107
119
108
98
116
87
128
94
104
103
76
108
121
86
91
115
106
94
114
118
115
117
110
111
121
120
110
131
112
113
106
135
113
109
121
106
149
133
131
142
135
115
143
133
125
138
126
122
133
144
136
127
140
119
137
130
135
137
115
130
143
134
142
140
139
149
146
132
128
145
127
142
138
143
162
136
133
141
138
150
145
141
136
134
159
143
158
136
147
147
142
119
130
149
157
136
160
159
114
144
135
131
152
168
145
152
140
142
139
142
153
157
147
148
149
131
139
166
124
148
137
149
131
129
137
119
112
152
137
146
134
135
146
131
143
129
125
135
141
155
153
139
132
122
151
103
124
131
128
132
141
123
137
139
117
133
127
129
138
133
121
99
125
113
110
121
129
111
132
107
141
132
125
124
116
105
92
88
122
97
111
116
101
113
105
109
125
100
98
85
74
86
124
97
103
92
96
86
74
91
92
97
93
83
88
89
90
84
96
94
83
81
78
92
87
80
106
91
98
88
85
78
76
81
64
84
70
62
67
87
69
73
82
62
73
72
61
78
70
43
61
69
63
62
59
63
62
59
58
58
60
78
58
51
63
53
60
52
57
55
47
54
56
53
42
52
42
60
48
30
48
40
50
55
43
39
38
34
37
41
29
34
42
42
37
37
33
42
29
45
35
27
31
28
41
28
43
35
36
27
30
31
27
28
29
22
23
27
37
29
28
23
25
27
27
32
27
21
27
24
22
23
27
18
23
20
20
19
32
27
23
21
15
24
19
9
23
24
19
20
22
16
19
18
16
21
13
17
20
20
14
15
16
11
13
9
16
19
8
9
19
10
18
13
9
14
18
16
18
16
8
11
13
9
15
18
11
14
12
20
13
20
11
11
12
13
16
13
13
18
12
18
10
5
12
13
11
13
8
13
11
9
6
9
9
10
12
13
8
6
11
11
9
9
7
4
19
7
7
12
10
11
6
8
6
8
8
6
10
9
11
14
10
9
11
9
10
11
7
11
14
5
17
7
7
9
9
10
12
6
8
7
9
11
8
10
4
8
7
8
10
13
5
5
7
11
12
8
10
2
9
6
5
13
8
11
9
12
4
6
7
9
9
10
13
8
12
11
8
14
10
8
2
6
10
8
11
5
2
7
5
6
12
7
6
8
7
7
4
14
9
11
9
9
6
10
6
13
9
11
8
6
7
7
5
13
9
8
12
6
9
7
7
7
7
5
6
6
13
8
6
4
10
5
8
10
4
4
9
7
9
5
4
9
9
5
8
10
9
7
8
10
3
7
12
9
7
6
1
8
13
7
9
4
4
6
12
11
3
5
7
8
8
5
6
6
15
9
10
4
10
11
3
9
1
7
6
7
5
11
5
8
7
9
8
5
2
8
7
11
9
8
13
9
7
8
10
4
4
2
11
4
7
3
9
9
11
4
8
10
6
12
3
4
10
1
11
7
7
7
10
7
3
8
8
7
4
8
6
9
8
9
3
8
7
11
4
6
6
4
5
5
11
9
8
2
5
8
10
2
4
11
4
9
11
4
5
5
7
7
4
7
4
3
5
3
1
7
2
4
5
3
7
8
0
1
10
3
7
7
10
5
9
4
4
6
4
3
7
3
10
7
3
6
5
8
5
5
4
5
5
6
6
2
8
2
4
9
11
4
6
5
7
10
7
4
6
7
8
1
6
7
6
2
6
6
6
8
4
5
10
5
4
7
10
9
5
5
2
9
9
1
4
5
14
7
6
11
8
7
5
7
4
5
6
2
7
9
6
5
5
4
9
6
7
7
7
7
4
4
5
7
5
3
3
4
8
5
6
5
8
5
10
8
4
6
7
7
9
7
1
2
11
6
5
3
5
3
3
3
3
7
5
6
5
6
8
7
5
4
5
5
5
2
7
4
11
3
4
3
7
5
6
4
4
1
4
5
8
3
3
9
4
4
5
5
7
4
4
8
1
6
5
3
6
6
4
5
5
5
8
6
6
10
0
3
7
7
3
1
3
5
5
5
11
5
5
4
9
6
4
5
6
7
4
6
7
5
3
7
10
3
3
5
5
5
4
5
11
2
7
5
3
3
8
7
7
6
5
8
10
3
5
4
4
6
2
8
3
3
6
4
4
5
6
3
5
7
3
2
5
5
3
5
9
5
4
9
8
9
5
3
3
9
6
5
10
5
7
3
8
8
4
1
3
8
5
7
1
5
4
6
2
8
4
5
6
9
4
6
9
2
6
4
8
6
1
5
6
5
6
8
5
3
8
5
6
7
7
4
5
5
4
7
7
6
3
7
5
4
4
7
4
7
5
6
8
6
4
7
6
13
4
2
6
4
4
4
2
10
3
5
6
7
3
6
7
11
9
5
5
4
7
6
7
5
3
4
6
5
10
4
2
2
4
4
3
2
5
6
1
8
5
4
1
7
8
6
7
6
4
6
4
6
6
3
0
8
6
5
4
3
4
7
8
7
6
2
11
7
6
2
1
1
4
8
3
10
3
0
7
1
4
4
3
4
0
7
2
6
11
3
5
6
6
8
5
6
4
6
8
6
6
5
6
4
7
2
6
4
5
4
6
3
10
2
8
1
2
7
5
3
8
9
4
3
5
7
2
3
0
7
6
5
5
4
7
4
4
7
6
6
4
5
5
3
6
1
1
3
2
5
8
5
4
4
5
8
1
4
1
4
4
2
3
2
5
8
6
4
8
5
2
3
5
5
4
7
2
6
3
4
1
3
4
7
7
2
4
7
6
6
5
8
4
3
2
5
9
4
3
5
4
3
7
7
4
2
2
2
6
10
5
4
4
12
0
3
6
10
11
2
4
3
7
5
3
6
4
5
4
3
3
5
3
3
7
4
8
1
5
4
4
8
5
6
2
9
5
6
6
6
4
7
5
7
2
2
2
3
2
4
3
6
6
6
7
5
4
2
5
3
5
3
1
5
7
7
4
3
4
2
7
8
3
8
8
3
3
3
3
5
11
8
5
5
6
5
7
4
3
5
4
5
3
8
7
3
4
5
3
3
3
1
4
3
7
3
2
5
2
3
4
3
4
4
4
2
3
8
5
2
7
4
7
4
2
3
5
5
5
2
3
2
1
3
1
3
5
7
6
6
7
3
5
4
4
2
4
6
3
2
3
5
2
6
2
2
5
4
4
3
5
6
6
6
7
4
7
1
4
3
3
4
1
2
4
5
3
5
3
2
4
2
4
6
7
5
7
6
4
2
3
3
6
5
7
4
8
5
8
8
1
9
5
3
4
4
3
5
5
7
0
4
4
6
3
6
4
2
3
6
4
3
5
3
4
3
4
4
6
5
6
8
6
4
6
2
6
4
3
5
1
5
4
2
6
0
5
3
3
3
3
4
3
4
6
5
6
6
8
1
1
5
3
5
3
4
4
5
4
2
3
1
6
2
3
6
2
5
3
3
3
5
10
6
5
3
4
4
3
2
2
1
1
4
3
5
4
3
5
1
4
6
7
5
5
5
13
7
5
3
5
6
4
4
2
5
4
1
6
5
6
5
2
4
3
5
2
0
2
4
4
4
2
2
6
2
4
4
3
1
5
5
2
7
2
4
9
3
4
4
8
3
3
2
4
1
5
5
7
5
1
6
4
3
7
1
5
4
4
4
3
1
6
4
2
2
4
2
4
4
2
3
5
6
1
2
6
4
2
1
6
4
4
3
1
2
5
9
5
1
9
2
3
3
5
2
5
3
2
4
4
3
2
2
4
2
3
2
4
0
1
6
9
3
5
1
2
2
2
5
1
1
6
2
2
2
1
6
2
3
1
8
2
3
5
3
2
1
2
2
4
5
3
4
6
3
2
7
3
7
2
5
4
3
9
4
6
8
6
2
5
2
6
1
4
4
1
5
3
2
4
3
8
5
2
4
6
2
4
5
7
4
4
3
2
4
1
6
4
1
2
3
2
6
5
5
3
1
7
3
3
7
2
3
1
4
3
2
2
5
3
2
4
2
3
5
4
5
6
5
4
5
3
3
5
1
6
3
5
5
3
2
3
3
4
3
2
3
3
7
3
6
5
4
2
4
5
4
4
4
5
7
5
4
3
4
1
6
2
3
4
4
3
5
4
4
3
6
4
3
2
5
0
1
4
1
6
3
3
3
3
4
3
1
4
6
1
4
2
4
0
2
3
3
3
2
1
7
5
1
2
3
7
7
7
3
2
3
0
6
4
3
3
7
3
6
3
2
4
3
2
5
3
7
0
6
4
5
7
5
1
3
3
8
7
3
2
7
2
1
4
7
3
5
8
4
3
6
1
5
4
5
3
2
1
3
5
5
5
4
1
4
3
3
3
4
5
5
1
2
2
4
1
5
4
6
3
10
0
3
6
2
4
4
4
1
5
4
1
3
4
3
0
4
4
4
3
2
3
1
6
5
3
5
2
1
1
3
5
5
0
3
3
3
1
6
3
6
2
4
1
3
1
4
5
5
7
4
1
4
2
4
10
2
3
0
2
3
3
2
4
4
4
6
2
4
4
3
2
2
2
4
3
2
5
3
1
6
1
4
4
6
6
6
4
3
5
3
1
6
5
3
3
3
6
3
1
4
4
7
2
6
1
4
2
3
3
2
5
2
3
2
5
1
3
1
4
3
5
4
6
2
2
8
4
4
1
3
4
1
3
1
4
6
7
1
2
6
3
2
4
2
2
2
6
4
4
2
3
4
2
3
1
5
1
2
2
4
3
8
4
2
4
4
2
2
3
4
3
4
6
5
2
3
1
4
0
2
3
5
4
2
4
1
3
3
2
2
2
1
3
2
3
5
5
1
4
2
3
2
2
6
6
1
5
3
4
2
4
1
3
3
2
2
8
3
3
7
2
4
3
2
2
2
5
5
1
2
2
4
4
2
3
0
4
5
5
7
2
2
6
3
5
7
3
4
6
6
5
3
3
1
5
2
5
5
4
1
2
2
3
6
3
1
4
3
5
2
5
4
3
3
4
4
2
2
6
5
1
8
4
2
3
4
6
3
4
3
8
5
2
1
5
3
6
4
4
3
3
3
2
1
1
2
3
2
4
0
2
3
7
2
3
2
3
3
3
6
5
2
1
5
1
4
1
3
6
1
4
3
1
0
5
4
1
2
2
1
2
6
4
4
2
3
0
3
2
2
6
4
4
4
4
5
5
4
2
2
1
4
4
4
5
5
1
1
6
2
5
3
6
3
3
1
6
2
5
2
5
1
3
4
4
3
4
3
7
4
1
5
3
5
3
5
2
4
1
0
3
3
3
2
4
3
1
1
2
7
7
3
1
6
1
1
3
0
3
2
2
3
2
2
4
5
4
2
3
4
2
1
2
1
1
0
4
5
2
2
2
1
3
4
7
6
3
5
4
1
4
2
3
3
3
3
5
1
2
5
0
5
2
3
3
2
1
6
1
2
5
7
2
7
2
2
1
5
2
1
1
6
3
4
6
2
0
5
2
1
2
3
2
4
1
7
3
0
1
3
4
4
1
6
2
2
4
4
3
3
3
4
4
3
3
0
3
3
2
3
2
7
3
4
2
1
2
2
0
1
0
4
1
2
3
6
2
1
3
3
4
0
5
2
4
6
0
3
0
4
3
3
2
3
2
5
4
4
3
6
1
3
3
5
1
2
2
3
4
2
2
7
1
2
6
2
2
1
0
3
2
1
4
3
5
9
2
1
1
2
5
1
3
5
5
3
3
1
3
5
3
3
3
1
2
3
4
1
6
4
6
3
3
3
3
7
1
2
1
3
3
1
4
4
4
4
3
2
0
3
4
4
6
2
4
4
3
0
6
5
5
1
7
1
1
1
6
1
4
1
5
3
1
3
2
5
1
4
4
3
0
2
2
1
4
3
3
1
2
2
2
4
3
5
6
3
4
5
3
5
2
6
2
1
5
3
2
1
5
1
3
3
3
3
2
2
4
4
3
3
1
4
4
4
2
5
2
6
6
1
1
4
4
2
2
2
3
0
4
4
4
1
4
2
0
2
4
3
2
1
2
3
2
2
6
2
2
2
3
2
4
6
8
6
8
3
2
3
3
2
8
1
2
4
1
4
3
5
6
3
1
3
4
4
3
1
4
2
3
7
1
3
3
5
5
8
0
3
3
2
1
4
5
4
3
4
2
3
3
2
5
6
2
5
3
3
6
1
5
2
2
4
5
2
3
3
4
5
2
3
2
0
2
4
2
4
2
3
4
4
0
5
2
3
2
2
1
8
3
2
5
2
4
1
6
2
2
4
3
1
6
4
2
1
2
4
4
3
1
0
5
3
3
3
3
2
3
1
2
1
4
3
2
2
5
1
4
5
2
1
0
4
3
3
2
2
2
7
2
4
2
3
5
2
7
4
6
2
1
4
5
3
3
2
3
2
3
0
4
5
4
0
4
3
2
3
2
4
5
3
3
4
2
4
2
2
2
0
1
5
3
2
1
1
0
2
4
4
1
2
2
3
0
5
3
1
6
1
0
5
2
2
4
3
4
3
1
7
3
5
1
4
2
4
0
6
5
4
7
5
4
3
4
3
1
4
3
3
6
2
4
7
2
3
3
3
4
3
2
2
3
4
0
4
2
2
2
3
3
2
4
3
3
3
4
7
4
1
2
6
2
3
4
7
2
6
4
0
6
2
4
3
5
2
5
3
4
2
2
3
3
2
4
2
4
5
2
3
1
1
4
2
6
3
1
3
2
5
1
5
2
2
2
7
2
3
2
3
2
2
5
1
1
2
4
7
4
5
3
3
1
4
4
2
3
3
3
2
5
2
6
0
4
4
7
3
4
3
3
3
5
3
1
4
3
3
3
2
6
6
5
2
5
4
2
5
3
1
6
3
3
4
3
3
7
2
2
3
3
4
0
6
2
3
8
4
1
5
4
6
1
5
3
5
3
7
0
2
0
3
1
2
3
6
0
1
5
2
3
2
2
2
4
1
0
4
3
4
0
2
1
1
2
3
1
2
2
3
1
8
1
4
5
4
4
2
2
5
1
5
6
3
6
2
1
3
2
4
3
3
4
5
1
4
5
1
2
3
2
3
1
3
4
6
3
2
1
7
1
6
5
3
0
1
8
4
9
0
2
2
5
4
1
3
5
3
3
4
4
4
1
2
1
2
5
3
5
4
2
1
6
5
5
2
4
4
2
1
4
5
5
1
3
3
1
2
0
2
3
2
4
4
9
3
2
2
2
5
3
3
2
1
2
0
2
3
0
5
4
5
0
5
1
4
1
1
3
1
1
3
2
3
3
3
3
2
0
2
2
4
1
1
2
2
2
2
1
0
2
3
2
6
1
4
1
1
0
6
0
2
3
5
1
3
4
4
4
1
2
2
3
2
3
3
2
2
6
1
2
4
2
0
3
2
2
1
2
1
3
2
2
3
2
3
0
1
3
5
1
3
3
3
1
1
4
2
4
1
3
5
2
2
6
2
3
0
4
4
1
1
0
0
3
5
0
1
4
2
1
3
2
1
2
2
2
2
3
3
6
4
2
0
2
0
1
2
3
1
1
1
1
2
1
3
3
0
1
0
1
1
3
1
0
1
1
2
1
1
0
2
1
4
3
0
3
4
4
2
2
0
2
0
0
2
0
3
1
6
0
2
1
0
1
4
2
2
2
1
0
1
4
0
3
2
4
1
2
1
3
0
2
4
0
2
1
0
0
1
2
0
5
0
2
0
0
2
3
2
4
4
2
3
3
1
0
4
1
0
1
2
1
4
2
2
2
1
1
1
2
2
1
0
5
1
1
0
1
3
0
3
3
1
1
2
1
2
2
2
1
0
2
1
0
2
1
2
1
1
1
3
0
3
1
2
1
1
1
2
0
1
4
1
1
0
1
2
2
1
1
0
1
0
1
0
1
0
2
0
2
3
1
2
2
2
0
2
1
1
2
1
1
2
2
2
0
1
2
0
4
2
14
19
16
13
18
14
12
10
20
11
22
10
13
10
17
12
20
22
17
9
18
14
20
19
17
20
17
15
12
35
5
9
26
22
24
12
14
25
12
14
11
17
10
21
8
10
16
15
15
17
14
15
10
17
20
19
16
14
11
16
16
18
19
12
11
11
17
15
19
16
12
17
20
16
17
14
17
14
10
25
10
22
14
16
13
13
14
12
14
14
12
8
19
12
14
12
12
14
15
14
8
13
19
17
12
13
14
19
19
14
12
12
18
15
12
9
22
17
10
13
20
10
10
11
12
12
11
4
