        3188079   0 0 0 0 0 0 0 0 0 0 0 1   0 0 0   0 0    0
        3188511   0 0 0 0 0 0 0 0 0 0 0 0   0 0 0   1 0   70
        3188951   0 0 0 0 0 0 0 0 0 0 0 0   0 0 0   1 1   98
        3189391   0 0 0 0 0 0 0 0 0 0 0 0   0 0 0   1 2   82
        3189831   0 0 0 0 0 0 0 0 0 0 0 0   0 0 0   1 3   68
        3190271   0 0 0 0 0 0 0 0 0 0 0 0   0 0 0   1 4   57
        3190711   0 0 0 0 0 0 0 0 0 0 0 0   0 0 0   1 5   47
        3191151   0 0 0 0 0 0 0 0 0 0 0 0   0 0 0   1 6   38
        3191591   0 0 0 0 0 0 0 0 0 0 0 0   0 0 0   1 7   30
        4577176   1 0 0 0 0 0 0 0 0 0 0 0   0 0 0   0 0    0
       14449560   0 0 0 0 0 0 0 0 0 0 0 1   0 0 0   0 0    0
       14449576   0 0 0 0 0 0 0 0 0 0 0 1   0 0 0   0 0    0
       14449991   0 0 0 0 0 0 0 0 0 0 0 0   0 0 0   1 0  715
       14450431   0 0 0 0 0 0 0 0 0 0 0 0   0 0 0   1 1 1436
       14450871   0 0 0 0 0 0 0 0 0 0 0 0   0 0 0   1 2  319
       14451311   0 0 0 0 0 0 0 0 0 0 0 0   0 0 0   1 3    0
       14451751   0 0 0 0 0 0 0 0 0 0 0 0   0 0 0   1 4    0
       14452191   0 0 0 0 0 0 0 0 0 0 0 0   0 0 0   1 5    0
       14452631   0 0 0 0 0 0 0 0 0 0 0 0   0 0 0   1 6    0
       14453071   0 0 0 0 0 0 0 0 0 0 0 0   0 0 0   1 7    0
       15947687   0 0 0 0 0 0 0 0 0 0 0 1   0 0 0   0 0    0
       15948116   0 0 0 0 0 0 0 0 0 0 0 0   0 0 0   1 0  130
       15948556   0 0 0 0 0 0 0 0 0 0 0 0   0 0 0   1 1  180
       15948996   0 0 0 0 0 0 0 0 0 0 0 0   0 0 0   1 2  155
       15949436   0 0 0 0 0 0 0 0 0 0 0 0   0 0 0   1 3  130
       15949876   0 0 0 0 0 0 0 0 0 0 0 0   0 0 0   1 4  107
       15950316   0 0 0 0 0 0 0 0 0 0 0 0   0 0 0   1 5   85
       15950756   0 0 0 0 0 0 0 0 0 0 0 0   0 0 0   1 6   66
       15951196   0 0 0 0 0 0 0 0 0 0 0 0   0 0 0   1 7   50
       20908992   0 0 0 0 0 0 0 0 0 0 0 1   0 0 0   0 0    0
       20909421   0 0 0 0 0 0 0 0 0 0 0 0   0 0 0   1 0  439
       20909861   0 0 0 0 0 0 0 0 0 0 0 0   0 0 0   1 1  935
       20910301   0 0 0 0 0 0 0 0 0 0 0 0   0 0 0   1 2  787
       20910741   0 0 0 0 0 0 0 0 0 0 0 0   0 0 0   1 3  591
       20911181   0 0 0 0 0 0 0 0 0 0 0 0   0 0 0   1 4  252
       20911621   0 0 0 0 0 0 0 0 0 0 0 0   0 0 0   1 5    6
       20912061   0 0 0 0 0 0 0 0 0 0 0 0   0 0 0   1 6    0
       20912501   0 0 0 0 0 0 0 0 0 0 0 0   0 0 0   1 7    0
       34274473   0 0 0 0 0 0 0 0 0 0 0 1   0 0 0   0 0    0
       34274906   0 0 0 0 0 0 0 0 0 0 0 0   0 0 0   1 0  991
       34275346   0 0 0 0 0 0 0 0 0 0 0 0   0 0 0   1 1 2057
       34275786   0 0 0 0 0 0 0 0 0 0 0 0   0 0 0   1 2 1779
       34276226   0 0 0 0 0 0 0 0 0 0 0 0   0 0 0   1 3   48
       34276666   0 0 0 0 0 0 0 0 0 0 0 0   0 0 0   1 4    0
       34277106   0 0 0 0 0 0 0 0 0 0 0 0   0 0 0   1 5    0
       34277546   0 0 0 0 0 0 0 0 0 0 0 0   0 0 0   1 6    0
       34277986   0 0 0 0 0 0 0 0 0 0 0 0   0 0 0   1 7    0
       39544418   0 0 0 0 0 0 0 0 0 0 0 1   0 0 0   0 0    0
       39544851   0 0 0 0 0 0 0 0 0 0 0 0   0 0 0   1 0  353
       39545291   0 0 0 0 0 0 0 0 0 0 0 0   0 0 0   1 1  445
       39545731   0 0 0 0 0 0 0 0 0 0 0 0   0 0 0   1 2  324
       39546171   0 0 0 0 0 0 0 0 0 0 0 0   0 0 0   1 3  174
       39546611   0 0 0 0 0 0 0 0 0 0 0 0   0 0 0   1 4   48
       39547051   0 0 0 0 0 0 0 0 0 0 0 0   0 0 0   1 5    0
       39547491   0 0 0 0 0 0 0 0 0 0 0 0   0 0 0   1 6    0
       39547931   0 0 0 0 0 0 0 0 0 0 0 0   0 0 0   1 7    0
       39597242   0 0 0 0 0 0 0 0 0 0 0 1   0 0 0   0 0    0
       39597671   0 0 0 0 0 0 0 0 0 0 0 0   0 0 0   1 0  180
       39598111   0 0 0 0 0 0 0 0 0 0 0 0   0 0 0   1 1  269
       39598551   0 0 0 0 0 0 0 0 0 0 0 0   0 0 0   1 2  216
       39598991   0 0 0 0 0 0 0 0 0 0 0 0   0 0 0   1 3  167
       39599431   0 0 0 0 0 0 0 0 0 0 0 0   0 0 0   1 4  120
       39599871   0 0 0 0 0 0 0 0 0 0 0 0   0 0 0   1 5   79
       39600311   0 0 0 0 0 0 0 0 0 0 0 0   0 0 0   1 6   44
       39600751   0 0 0 0 0 0 0 0 0 0 0 0   0 0 0   1 7   17
       46410906   0 0 0 0 0 0 0 0 0 0 0 1   0 0 0   0 0    0
       46410924   0 0 0 0 0 0 0 0 0 0 0 1   0 0 0   0 0    0
       46411336   0 0 0 0 0 0 0 0 0 0 0 0   0 0 0   1 0  718
       46411776   0 0 0 0 0 0 0 0 0 0 0 0   0 0 0   1 1 1744
       46412216   0 0 0 0 0 0 0 0 0 0 0 0   0 0 0   1 2  319
       46412656   0 0 0 0 0 0 0 0 0 0 0 0   0 0 0   1 3    0
       46413096   0 0 0 0 0 0 0 0 0 0 0 0   0 0 0   1 4    0
       46413536   0 0 0 0 0 0 0 0 0 0 0 0   0 0 0   1 5    0
       46413976   0 0 0 0 0 0 0 0 0 0 0 0   0 0 0   1 6    0
       46414416   0 0 0 0 0 0 0 0 0 0 0 0   0 0 0   1 7    0
       49848453   0 0 0 0 0 0 0 0 0 0 0 1   0 0 0   0 0    0
       49848886   0 0 0 0 0 0 0 0 0 0 0 0   0 0 0   1 0  359
       49849326   0 0 0 0 0 0 0 0 0 0 0 0   0 0 0   1 1  498
       49849766   0 0 0 0 0 0 0 0 0 0 0 0   0 0 0   1 2  411
       49850206   0 0 0 0 0 0 0 0 0 0 0 0   0 0 0   1 3  320
       49850646   0 0 0 0 0 0 0 0 0 0 0 0   0 0 0   1 4  225
       49851086   0 0 0 0 0 0 0 0 0 0 0 0   0 0 0   1 5  134
       49851526   0 0 0 0 0 0 0 0 0 0 0 0   0 0 0   1 6   58
       49851966   0 0 0 0 0 0 0 0 0 0 0 0   0 0 0   1 7    8
       51760266   0 0 0 0 0 0 0 0 0 0 0 1   0 0 0   0 0    0
       51760696   0 0 0 0 0 0 0 0 0 0 0 0   0 0 0   1 0  263
       51761136   0 0 0 0 0 0 0 0 0 0 0 0   0 0 0   1 1  373
       51761576   0 0 0 0 0 0 0 0 0 0 0 0   0 0 0   1 2  255
       51762016   0 0 0 0 0 0 0 0 0 0 0 0   0 0 0   1 3  128
       51762456   0 0 0 0 0 0 0 0 0 0 0 0   0 0 0   1 4   36
       51762896   0 0 0 0 0 0 0 0 0 0 0 0   0 0 0   1 5    0
       51763336   0 0 0 0 0 0 0 0 0 0 0 0   0 0 0   1 6    0
       51763776   0 0 0 0 0 0 0 0 0 0 0 0   0 0 0   1 7    0
       53006117   0 0 0 0 0 0 0 0 0 0 0 1   0 0 0   0 0    0
       53006546   0 0 0 0 0 0 0 0 0 0 0 0   0 0 0   1 0  631
       53006986   0 0 0 0 0 0 0 0 0 0 0 0   0 0 0   1 1 1440
       53007426   0 0 0 0 0 0 0 0 0 0 0 0   0 0 0   1 2 1276
       53007866   0 0 0 0 0 0 0 0 0 0 0 0   0 0 0   1 3 1106
       53008306   0 0 0 0 0 0 0 0 0 0 0 0   0 0 0   1 4  867
       53008746   0 0 0 0 0 0 0 0 0 0 0 0   0 0 0   1 5  260
       53009186   0 0 0 0 0 0 0 0 0 0 0 0   0 0 0   1 6    0
       53009626   0 0 0 0 0 0 0 0 0 0 0 0   0 0 0   1 7    0
       69469921   0 0 0 0 0 0 0 0 0 0 0 1   0 0 0   0 0    0
       69469937   0 0 0 0 0 0 0 0 0 0 0 1   0 0 0   0 0    0
       69470351   0 0 0 0 0 0 0 0 0 0 0 0   0 0 0   1 0  676
       69470791   0 0 0 0 0 0 0 0 0 0 0 0   0 0 0   1 1 1542
       69471231   0 0 0 0 0 0 0 0 0 0 0 0   0 0 0   1 2 1371
       69471671   0 0 0 0 0 0 0 0 0 0 0 0   0 0 0   1 3 1130
       69472111   0 0 0 0 0 0 0 0 0 0 0 0   0 0 0   1 4  290
       69472551   0 0 0 0 0 0 0 0 0 0 0 0   0 0 0   1 5    0
       69472991   0 0 0 0 0 0 0 0 0 0 0 0   0 0 0   1 6    0
       69473431   0 0 0 0 0 0 0 0 0 0 0 0   0 0 0   1 7    0
       69832459   1 0 0 0 0 0 0 0 0 0 0 0   0 0 0   0 0    0
       81497361   0 0 0 0 0 0 0 0 0 0 0 1   0 0 0   0 0    0
       81497791   0 0 0 0 0 0 0 0 0 0 0 0   0 0 0   1 0  370
       81498231   0 0 0 0 0 0 0 0 0 0 0 0   0 0 0   1 1  961
       81498671   0 0 0 0 0 0 0 0 0 0 0 0   0 0 0   1 2  862
       81499111   0 0 0 0 0 0 0 0 0 0 0 0   0 0 0   1 3  754
       81499551   0 0 0 0 0 0 0 0 0 0 0 0   0 0 0   1 4  620
       81499991   0 0 0 0 0 0 0 0 0 0 0 0   0 0 0   1 5  426
       81500431   0 0 0 0 0 0 0 0 0 0 0 0   0 0 0   1 6  146
       81500871   0 0 0 0 0 0 0 0 0 0 0 0   0 0 0   1 7    0
       82475325   0 0 0 0 0 0 0 0 0 0 0 1   0 0 0   0 0    0
       82475756   0 0 0 0 0 0 0 0 0 0 0 0   0 0 0   1 0  640
       82476196   0 0 0 0 0 0 0 0 0 0 0 0   0 0 0   1 1  917
       82476636   0 0 0 0 0 0 0 0 0 0 0 0   0 0 0   1 2    0
       82477076   0 0 0 0 0 0 0 0 0 0 0 0   0 0 0   1 3    0
       82477516   0 0 0 0 0 0 0 0 0 0 0 0   0 0 0   1 4    0
       82477956   0 0 0 0 0 0 0 0 0 0 0 0   0 0 0   1 5    0
       82478396   0 0 0 0 0 0 0 0 0 0 0 0   0 0 0   1 6    0
       82478836   0 0 0 0 0 0 0 0 0 0 0 0   0 0 0   1 7    0
       82619281   0 0 0 0 0 0 0 0 0 0 0 1   0 0 0   0 0    0
       82619297   0 0 0 0 0 0 0 0 0 0 0 1   0 0 0   0 0    0
       82619711   0 0 0 0 0 0 0 0 0 0 0 0   0 0 0   1 0  956
       82620151   0 0 0 0 0 0 0 0 0 0 0 0   0 0 0   1 1 2114
       82620591   0 0 0 0 0 0 0 0 0 0 0 0   0 0 0   1 2 1952
       82621031   0 0 0 0 0 0 0 0 0 0 0 0   0 0 0   1 3    3
       82621471   0 0 0 0 0 0 0 0 0 0 0 0   0 0 0   1 4    0
       82621911   0 0 0 0 0 0 0 0 0 0 0 0   0 0 0   1 5    0
       82622351   0 0 0 0 0 0 0 0 0 0 0 0   0 0 0   1 6    0
       82622791   0 0 0 0 0 0 0 0 0 0 0 0   0 0 0   1 7    0
       82740624   0 0 0 0 0 0 0 0 0 0 0 1   0 0 0   0 0    0
       82741056   0 0 0 0 0 0 0 0 0 0 0 0   0 0 0   1 0  739
       82741496   0 0 0 0 0 0 0 0 0 0 0 0   0 0 0   1 1 1252
       82741936   0 0 0 0 0 0 0 0 0 0 0 0   0 0 0   1 2 1027
       82742376   0 0 0 0 0 0 0 0 0 0 0 0   0 0 0   1 3  274
       82742816   0 0 0 0 0 0 0 0 0 0 0 0   0 0 0   1 4    0
       82743256   0 0 0 0 0 0 0 0 0 0 0 0   0 0 0   1 5    0
       82743696   0 0 0 0 0 0 0 0 0 0 0 0   0 0 0   1 6    0
       82744136   0 0 0 0 0 0 0 0 0 0 0 0   0 0 0   1 7    0
       85287586   0 0 0 0 0 0 0 0 0 0 0 1   0 0 0   0 0    0
       85288016   0 0 0 0 0 0 0 0 0 0 0 0   0 0 0   1 0  269
       85288456   0 0 0 0 0 0 0 0 0 0 0 0   0 0 0   1 1  574
       85288896   0 0 0 0 0 0 0 0 0 0 0 0   0 0 0   1 2  482
       85289336   0 0 0 0 0 0 0 0 0 0 0 0   0 0 0   1 3  398
       85289776   0 0 0 0 0 0 0 0 0 0 0 0   0 0 0   1 4  317
       85290216   0 0 0 0 0 0 0 0 0 0 0 0   0 0 0   1 5  234
       85290656   0 0 0 0 0 0 0 0 0 0 0 0   0 0 0   1 6  151
       85291096   0 0 0 0 0 0 0 0 0 0 0 0   0 0 0   1 7   76
       93731649   0 0 0 0 0 0 0 0 0 0 0 1   0 0 0   0 0    0
       93731666   0 0 0 0 0 0 0 0 0 0 0 1   0 0 0   0 0    0
       93732081   0 0 0 0 0 0 0 0 0 0 0 0   0 0 0   1 0  812
       93732521   0 0 0 0 0 0 0 0 0 0 0 0   0 0 0   1 1 1298
       93732961   0 0 0 0 0 0 0 0 0 0 0 0   0 0 0   1 2    0
       93733401   0 0 0 0 0 0 0 0 0 0 0 0   0 0 0   1 3    0
       93733841   0 0 0 0 0 0 0 0 0 0 0 0   0 0 0   1 4    0
       93734281   0 0 0 0 0 0 0 0 0 0 0 0   0 0 0   1 5    0
       93734721   0 0 0 0 0 0 0 0 0 0 0 0   0 0 0   1 6    0
       93735161   0 0 0 0 0 0 0 0 0 0 0 0   0 0 0   1 7    0
      133639662   0 0 0 0 0 0 0 0 0 0 0 1   0 0 0   0 0    0
      133640091   0 0 0 0 0 0 0 0 0 0 0 0   0 0 0   1 0  342
      133640531   0 0 0 0 0 0 0 0 0 0 0 0   0 0 0   1 1  293
      133640971   0 0 0 0 0 0 0 0 0 0 0 0   0 0 0   1 2    0
      133641411   0 0 0 0 0 0 0 0 0 0 0 0   0 0 0   1 3    0
      133641851   0 0 0 0 0 0 0 0 0 0 0 0   0 0 0   1 4    0
      133642291   0 0 0 0 0 0 0 0 0 0 0 0   0 0 0   1 5    0
      133642731   0 0 0 0 0 0 0 0 0 0 0 0   0 0 0   1 6    0
      133643171   0 0 0 0 0 0 0 0 0 0 0 0   0 0 0   1 7    0
      134882478   0 0 0 0 0 0 0 0 0 0 0 1   0 0 0   0 0    0
      134882498   0 0 0 0 0 0 0 0 0 0 0 1   0 0 0   0 0    0
      134882911   0 0 0 0 0 0 0 0 0 0 0 0   0 0 0   1 0  442
      134883351   0 0 0 0 0 0 0 0 0 0 0 0   0 0 0   1 1 1148
      134883791   0 0 0 0 0 0 0 0 0 0 0 0   0 0 0   1 2 1012
      134884231   0 0 0 0 0 0 0 0 0 0 0 0   0 0 0   1 3  867
      134884671   0 0 0 0 0 0 0 0 0 0 0 0   0 0 0   1 4  659
      134885111   0 0 0 0 0 0 0 0 0 0 0 0   0 0 0   1 5  262
      134885551   0 0 0 0 0 0 0 0 0 0 0 0   0 0 0   1 6    0
      134885991   0 0 0 0 0 0 0 0 0 0 0 0   0 0 0   1 7    0
      141735554   0 0 0 0 0 0 0 0 0 0 0 1   0 0 0   0 0    0
      141735986   0 0 0 0 0 0 0 0 0 0 0 0   0 0 0   1 0  793
      141736426   0 0 0 0 0 0 0 0 0 0 0 0   0 0 0   1 1 1272
      141736866   0 0 0 0 0 0 0 0 0 0 0 0   0 0 0   1 2   16
      141737306   0 0 0 0 0 0 0 0 0 0 0 0   0 0 0   1 3    0
      141737746   0 0 0 0 0 0 0 0 0 0 0 0   0 0 0   1 4    0
      141738186   0 0 0 0 0 0 0 0 0 0 0 0   0 0 0   1 5    0
      141738626   0 0 0 0 0 0 0 0 0 0 0 0   0 0 0   1 6    0
      141739066   0 0 0 0 0 0 0 0 0 0 0 0   0 0 0   1 7    0
      143851812   0 0 0 0 0 0 0 0 0 0 0 1   0 0 0   0 0    0
      143852241   0 0 0 0 0 0 0 0 0 0 0 0   0 0 0   1 0  353
      143852681   0 0 0 0 0 0 0 0 0 0 0 0   0 0 0   1 1  960
      143853121   0 0 0 0 0 0 0 0 0 0 0 0   0 0 0   1 2  738
      143853561   0 0 0 0 0 0 0 0 0 0 0 0   0 0 0   1 3  227
      143854001   0 0 0 0 0 0 0 0 0 0 0 0   0 0 0   1 4    0
      143854441   0 0 0 0 0 0 0 0 0 0 0 0   0 0 0   1 5    0
      143854881   0 0 0 0 0 0 0 0 0 0 0 0   0 0 0   1 6    0
      143855321   0 0 0 0 0 0 0 0 0 0 0 0   0 0 0   1 7    0
      155813185   0 0 0 0 0 0 0 0 0 0 0 1   0 0 0   0 0    0
      155813616   0 0 0 0 0 0 0 0 0 0 0 0   0 0 0   1 0  767
      155814056   0 0 0 0 0 0 0 0 0 0 0 0   0 0 0   1 1 1432
      155814496   0 0 0 0 0 0 0 0 0 0 0 0   0 0 0   1 2   34
      155814936   0 0 0 0 0 0 0 0 0 0 0 0   0 0 0   1 3    0
      155815376   0 0 0 0 0 0 0 0 0 0 0 0   0 0 0   1 4    0
      155815816   0 0 0 0 0 0 0 0 0 0 0 0   0 0 0   1 5    0
      155816256   0 0 0 0 0 0 0 0 0 0 0 0   0 0 0   1 6    0
      155816696   0 0 0 0 0 0 0 0 0 0 0 0   0 0 0   1 7    0
      174249645   0 0 0 0 0 0 0 0 0 0 0 1   0 0 0   0 0    0
      174250076   0 0 0 0 0 0 0 0 0 0 0 0   0 0 0   1 0  731
      174250516   0 0 0 0 0 0 0 0 0 0 0 0   0 0 0   1 1 1525
      174250956   0 0 0 0 0 0 0 0 0 0 0 0   0 0 0   1 2 1361
      174251396   0 0 0 0 0 0 0 0 0 0 0 0   0 0 0   1 3 1146
      174251836   0 0 0 0 0 0 0 0 0 0 0 0   0 0 0   1 4  469
      174252276   0 0 0 0 0 0 0 0 0 0 0 0   0 0 0   1 5    0
      174252716   0 0 0 0 0 0 0 0 0 0 0 0   0 0 0   1 6    0
      174253156   0 0 0 0 0 0 0 0 0 0 0 0   0 0 0   1 7    0
      195428839   0 0 0 0 0 0 0 0 0 0 0 1   0 0 0   0 0    0
      195429271   0 0 0 0 0 0 0 0 0 0 0 0   0 0 0   1 0  832
      195429711   0 0 0 0 0 0 0 0 0 0 0 0   0 0 0   1 1 1632
      195430151   0 0 0 0 0 0 0 0 0 0 0 0   0 0 0   1 2 1221
      195430591   0 0 0 0 0 0 0 0 0 0 0 0   0 0 0   1 3    0
      195431031   0 0 0 0 0 0 0 0 0 0 0 0   0 0 0   1 4    0
      195431471   0 0 0 0 0 0 0 0 0 0 0 0   0 0 0   1 5    0
      195431911   0 0 0 0 0 0 0 0 0 0 0 0   0 0 0   1 6    0
      195432351   0 0 0 0 0 0 0 0 0 0 0 0   0 0 0   1 7    0
      195842337   0 0 0 0 0 0 0 0 0 0 0 1   0 0 0   0 0    0
      195842766   0 0 0 0 0 0 0 0 0 0 0 0   0 0 0   1 0  666
      195843206   0 0 0 0 0 0 0 0 0 0 0 0   0 0 0   1 1 1972
      195843646   0 0 0 0 0 0 0 0 0 0 0 0   0 0 0   1 2    2
      195844086   0 0 0 0 0 0 0 0 0 0 0 0   0 0 0   1 3    0
      195844526   0 0 0 0 0 0 0 0 0 0 0 0   0 0 0   1 4    0
      195844966   0 0 0 0 0 0 0 0 0 0 0 0   0 0 0   1 5    0
      195845406   0 0 0 0 0 0 0 0 0 0 0 0   0 0 0   1 6    0
      195845846   0 0 0 0 0 0 0 0 0 0 0 0   0 0 0   1 7    0
      198580783   0 0 0 0 0 0 0 0 0 0 0 1   0 0 0   0 0    0
      198580799   0 0 0 0 0 0 0 0 0 0 0 1   0 0 0   0 0    0
      198581216   0 0 0 0 0 0 0 0 0 0 0 0   0 0 0   1 0  957
      198581656   0 0 0 0 0 0 0 0 0 0 0 0   0 0 0   1 1 1747
      198582096   0 0 0 0 0 0 0 0 0 0 0 0   0 0 0   1 2 1533
      198582536   0 0 0 0 0 0 0 0 0 0 0 0   0 0 0   1 3  963
      198582976   0 0 0 0 0 0 0 0 0 0 0 0   0 0 0   1 4    0
      198583416   0 0 0 0 0 0 0 0 0 0 0 0   0 0 0   1 5    0
      198583856   0 0 0 0 0 0 0 0 0 0 0 0   0 0 0   1 6    0
      198584296   0 0 0 0 0 0 0 0 0 0 0 0   0 0 0   1 7    0
      212414001   0 0 0 0 0 0 0 0 0 0 0 1   0 0 0   0 0    0
      212414431   0 0 0 0 0 0 0 0 0 0 0 0   0 0 0   1 0  766
      212414871   0 0 0 0 0 0 0 0 0 0 0 0   0 0 0   1 1 1784
      212415311   0 0 0 0 0 0 0 0 0 0 0 0   0 0 0   1 2 1385
      212415751   0 0 0 0 0 0 0 0 0 0 0 0   0 0 0   1 3    0
      212416191   0 0 0 0 0 0 0 0 0 0 0 0   0 0 0   1 4    0
      212416631   0 0 0 0 0 0 0 0 0 0 0 0   0 0 0   1 5    0
      212417071   0 0 0 0 0 0 0 0 0 0 0 0   0 0 0   1 6    0
      212417511   0 0 0 0 0 0 0 0 0 0 0 0   0 0 0   1 7    0
      212955808   0 0 0 0 0 0 0 0 0 0 0 1   0 0 0   0 0    0
      212956241   0 0 0 0 0 0 0 0 0 0 0 0   0 0 0   1 0  246
      212956681   0 0 0 0 0 0 0 0 0 0 0 0   0 0 0   1 1  311
      212957121   0 0 0 0 0 0 0 0 0 0 0 0   0 0 0   1 2  257
      212957561   0 0 0 0 0 0 0 0 0 0 0 0   0 0 0   1 3  212
      212958001   0 0 0 0 0 0 0 0 0 0 0 0   0 0 0   1 4  174
      212958441   0 0 0 0 0 0 0 0 0 0 0 0   0 0 0   1 5  142
      212958881   0 0 0 0 0 0 0 0 0 0 0 0   0 0 0   1 6  112
      212959321   0 0 0 0 0 0 0 0 0 0 0 0   0 0 0   1 7   85
      214240608   0 0 0 0 0 0 0 0 0 0 0 1   0 0 0   0 0    0
      214241041   0 0 0 0 0 0 0 0 0 0 0 0   0 0 0   1 0 1129
      214241481   0 0 0 0 0 0 0 0 0 0 0 0   0 0 0   1 1 2008
      214241921   0 0 0 0 0 0 0 0 0 0 0 0   0 0 0   1 2 1675
      214242361   0 0 0 0 0 0 0 0 0 0 0 0   0 0 0   1 3    0
      214242801   0 0 0 0 0 0 0 0 0 0 0 0   0 0 0   1 4    0
      214243241   0 0 0 0 0 0 0 0 0 0 0 0   0 0 0   1 5    0
      214243681   0 0 0 0 0 0 0 0 0 0 0 0   0 0 0   1 6    0
      214244121   0 0 0 0 0 0 0 0 0 0 0 0   0 0 0   1 7    0
      214675228   0 0 0 0 0 0 0 0 0 0 0 1   0 0 0   0 0    0
      214675661   0 0 0 0 0 0 0 0 0 0 0 0   0 0 0   1 0  441
      214676101   0 0 0 0 0 0 0 0 0 0 0 0   0 0 0   1 1  608
      214676541   0 0 0 0 0 0 0 0 0 0 0 0   0 0 0   1 2  539
      214676981   0 0 0 0 0 0 0 0 0 0 0 0   0 0 0   1 3  480
      214677421   0 0 0 0 0 0 0 0 0 0 0 0   0 0 0   1 4  426
      214677861   0 0 0 0 0 0 0 0 0 0 0 0   0 0 0   1 5  373
      214678301   0 0 0 0 0 0 0 0 0 0 0 0   0 0 0   1 6  320
      214678741   0 0 0 0 0 0 0 0 0 0 0 0   0 0 0   1 7  267
      235147217   0 0 0 0 0 0 0 0 0 0 0 1   0 0 0   0 0    0
      235147646   0 0 0 0 0 0 0 0 0 0 0 0   0 0 0   1 0  366
      235148086   0 0 0 0 0 0 0 0 0 0 0 0   0 0 0   1 1  965
      235148526   0 0 0 0 0 0 0 0 0 0 0 0   0 0 0   1 2  860
      235148966   0 0 0 0 0 0 0 0 0 0 0 0   0 0 0   1 3  734
      235149406   0 0 0 0 0 0 0 0 0 0 0 0   0 0 0   1 4  542
      235149846   0 0 0 0 0 0 0 0 0 0 0 0   0 0 0   1 5  214
      235150286   0 0 0 0 0 0 0 0 0 0 0 0   0 0 0   1 6    6
      235150726   0 0 0 0 0 0 0 0 0 0 0 0   0 0 0   1 7    0
      251933152   0 0 0 0 0 0 0 0 0 0 0 1   0 0 0   0 0    0
      251933581   0 0 0 0 0 0 0 0 0 0 0 0   0 0 0   1 0  547
      251934021   0 0 0 0 0 0 0 0 0 0 0 0   0 0 0   1 1 1133
      251934461   0 0 0 0 0 0 0 0 0 0 0 0   0 0 0   1 2 1007
      251934901   0 0 0 0 0 0 0 0 0 0 0 0   0 0 0   1 3  894
      251935341   0 0 0 0 0 0 0 0 0 0 0 0   0 0 0   1 4  775
      251935781   0 0 0 0 0 0 0 0 0 0 0 0   0 0 0   1 5  625
      251936221   0 0 0 0 0 0 0 0 0 0 0 0   0 0 0   1 6  405
      251936661   0 0 0 0 0 0 0 0 0 0 0 0   0 0 0   1 7  119
      257638072   0 0 0 0 0 0 0 0 0 0 0 1   0 0 0   0 0    0
      257638501   0 0 0 0 0 0 0 0 0 0 0 0   0 0 0   1 0  275
      257638941   0 0 0 0 0 0 0 0 0 0 0 0   0 0 0   1 1 1112
      257639381   0 0 0 0 0 0 0 0 0 0 0 0   0 0 0   1 2  855
      257639821   0 0 0 0 0 0 0 0 0 0 0 0   0 0 0   1 3  195
      257640261   0 0 0 0 0 0 0 0 0 0 0 0   0 0 0   1 4    0
      257640701   0 0 0 0 0 0 0 0 0 0 0 0   0 0 0   1 5    0
      257641141   0 0 0 0 0 0 0 0 0 0 0 0   0 0 0   1 6    0
      257641581   0 0 0 0 0 0 0 0 0 0 0 0   0 0 0   1 7    0
      265181305   1 0 0 0 0 0 0 0 0 0 0 0   0 0 0   0 0    0
      266349065   0 0 0 0 0 0 0 0 0 0 0 1   0 0 0   0 0    0
      266349496   0 0 0 0 0 0 0 0 0 0 0 0   0 0 0   1 0  789
      266349936   0 0 0 0 0 0 0 0 0 0 0 0   0 0 0   1 1 1550
      266350376   0 0 0 0 0 0 0 0 0 0 0 0   0 0 0   1 2   11
      266350816   0 0 0 0 0 0 0 0 0 0 0 0   0 0 0   1 3    0
      266351256   0 0 0 0 0 0 0 0 0 0 0 0   0 0 0   1 4    0
      266351696   0 0 0 0 0 0 0 0 0 0 0 0   0 0 0   1 5    0
      266352136   0 0 0 0 0 0 0 0 0 0 0 0   0 0 0   1 6    0
      266352576   0 0 0 0 0 0 0 0 0 0 0 0   0 0 0   1 7    0
      270376026   0 0 0 0 0 0 0 0 0 0 0 1   0 0 0   0 0    0
      270376456   0 0 0 0 0 0 0 0 0 0 0 0   0 0 0   1 0  412
      270376896   0 0 0 0 0 0 0 0 0 0 0 0   0 0 0   1 1  960
      270377336   0 0 0 0 0 0 0 0 0 0 0 0   0 0 0   1 2  733
      270377776   0 0 0 0 0 0 0 0 0 0 0 0   0 0 0   1 3  197
      270378216   0 0 0 0 0 0 0 0 0 0 0 0   0 0 0   1 4    0
      270378656   0 0 0 0 0 0 0 0 0 0 0 0   0 0 0   1 5    0
      270379096   0 0 0 0 0 0 0 0 0 0 0 0   0 0 0   1 6    0
      270379536   0 0 0 0 0 0 0 0 0 0 0 0   0 0 0   1 7    0
      275177311   1 0 0 0 0 0 0 0 0 0 0 0   0 0 0   0 0    0
      289937222   0 0 0 0 0 0 0 0 0 0 0 1   0 0 0   0 0    0
      289937651   0 0 0 0 0 0 0 0 0 0 0 0   0 0 0   1 0  211
      289938091   0 0 0 0 0 0 0 0 0 0 0 0   0 0 0   1 1  346
      289938531   0 0 0 0 0 0 0 0 0 0 0 0   0 0 0   1 2  284
      289938971   0 0 0 0 0 0 0 0 0 0 0 0   0 0 0   1 3  224
      289939411   0 0 0 0 0 0 0 0 0 0 0 0   0 0 0   1 4  166
      289939851   0 0 0 0 0 0 0 0 0 0 0 0   0 0 0   1 5  113
      289940291   0 0 0 0 0 0 0 0 0 0 0 0   0 0 0   1 6   67
      289940731   0 0 0 0 0 0 0 0 0 0 0 0   0 0 0   1 7   31
      291763390   0 0 0 0 0 0 0 0 0 0 0 1   0 0 0   0 0    0
      291763821   0 0 0 0 0 0 0 0 0 0 0 0   0 0 0   1 0  377
      291764261   0 0 0 0 0 0 0 0 0 0 0 0   0 0 0   1 1  605
      291764701   0 0 0 0 0 0 0 0 0 0 0 0   0 0 0   1 2  475
      291765141   0 0 0 0 0 0 0 0 0 0 0 0   0 0 0   1 3  315
      291765581   0 0 0 0 0 0 0 0 0 0 0 0   0 0 0   1 4  137
      291766021   0 0 0 0 0 0 0 0 0 0 0 0   0 0 0   1 5   23
      291766461   0 0 0 0 0 0 0 0 0 0 0 0   0 0 0   1 6    0
      291766901   0 0 0 0 0 0 0 0 0 0 0 0   0 0 0   1 7    0
      299491670   0 0 0 0 0 0 0 0 0 0 0 1   0 0 0   0 0    0
      299492101   0 0 0 0 0 0 0 0 0 0 0 0   0 0 0   1 0  307
      299492541   0 0 0 0 0 0 0 0 0 0 0 0   0 0 0   1 1  441
      299492981   0 0 0 0 0 0 0 0 0 0 0 0   0 0 0   1 2  247
      299493421   0 0 0 0 0 0 0 0 0 0 0 0   0 0 0   1 3   65
      299493861   0 0 0 0 0 0 0 0 0 0 0 0   0 0 0   1 4    0
      299494301   0 0 0 0 0 0 0 0 0 0 0 0   0 0 0   1 5    0
      299494741   0 0 0 0 0 0 0 0 0 0 0 0   0 0 0   1 6    0
      299495181   0 0 0 0 0 0 0 0 0 0 0 0   0 0 0   1 7    0
      305283737   0 0 0 0 0 0 0 0 0 0 0 1   0 0 0   0 0    0
      305284166   0 0 0 0 0 0 0 0 0 0 0 0   0 0 0   1 0  242
      305284606   0 0 0 0 0 0 0 0 0 0 0 0   0 0 0   1 1  449
      305285046   0 0 0 0 0 0 0 0 0 0 0 0   0 0 0   1 2  380
      305285486   0 0 0 0 0 0 0 0 0 0 0 0   0 0 0   1 3  323
      305285926   0 0 0 0 0 0 0 0 0 0 0 0   0 0 0   1 4  274
      305286366   0 0 0 0 0 0 0 0 0 0 0 0   0 0 0   1 5  232
      305286806   0 0 0 0 0 0 0 0 0 0 0 0   0 0 0   1 6  192
      305287246   0 0 0 0 0 0 0 0 0 0 0 0   0 0 0   1 7  156
      310280752   0 0 0 0 0 0 0 0 0 0 0 1   0 0 0   0 0    0
      310281181   0 0 0 0 0 0 0 0 0 0 0 0   0 0 0   1 0  352
      310281621   0 0 0 0 0 0 0 0 0 0 0 0   0 0 0   1 1  741
      310282061   0 0 0 0 0 0 0 0 0 0 0 0   0 0 0   1 2  583
      310282501   0 0 0 0 0 0 0 0 0 0 0 0   0 0 0   1 3  310
      310282941   0 0 0 0 0 0 0 0 0 0 0 0   0 0 0   1 4   38
      310283381   0 0 0 0 0 0 0 0 0 0 0 0   0 0 0   1 5    0
      310283821   0 0 0 0 0 0 0 0 0 0 0 0   0 0 0   1 6    0
      310284261   0 0 0 0 0 0 0 0 0 0 0 0   0 0 0   1 7    0
      311470943   1 0 0 0 0 0 0 0 0 0 0 0   0 0 0   0 0    0
      324144973   0 0 0 0 0 0 0 0 0 0 0 1   0 0 0   0 0    0
      324145406   0 0 0 0 0 0 0 0 0 0 0 0   0 0 0   1 0   87
      324145846   0 0 0 0 0 0 0 0 0 0 0 0   0 0 0   1 1   95
      324146286   0 0 0 0 0 0 0 0 0 0 0 0   0 0 0   1 2   74
      324146726   0 0 0 0 0 0 0 0 0 0 0 0   0 0 0   1 3   56
      324147166   0 0 0 0 0 0 0 0 0 0 0 0   0 0 0   1 4   41
      324147606   0 0 0 0 0 0 0 0 0 0 0 0   0 0 0   1 5   29
      324148046   0 0 0 0 0 0 0 0 0 0 0 0   0 0 0   1 6   19
      324148486   0 0 0 0 0 0 0 0 0 0 0 0   0 0 0   1 7   10
      326559832   0 0 0 0 0 0 0 0 0 0 0 1   0 0 0   0 0    0
      326560261   0 0 0 0 0 0 0 0 0 0 0 0   0 0 0   1 0  293
      326560701   0 0 0 0 0 0 0 0 0 0 0 0   0 0 0   1 1  620
      326561141   0 0 0 0 0 0 0 0 0 0 0 0   0 0 0   1 2  539
      326561581   0 0 0 0 0 0 0 0 0 0 0 0   0 0 0   1 3  470
      326562021   0 0 0 0 0 0 0 0 0 0 0 0   0 0 0   1 4  409
      326562461   0 0 0 0 0 0 0 0 0 0 0 0   0 0 0   1 5  353
      326562901   0 0 0 0 0 0 0 0 0 0 0 0   0 0 0   1 6  297
      326563341   0 0 0 0 0 0 0 0 0 0 0 0   0 0 0   1 7  242
      327129341   0 0 0 0 0 0 0 0 0 0 0 1   0 0 0   0 0    0
      327129771   0 0 0 0 0 0 0 0 0 0 0 0   0 0 0   1 0  810
      327130211   0 0 0 0 0 0 0 0 0 0 0 0   0 0 0   1 1 1786
      327130651   0 0 0 0 0 0 0 0 0 0 0 0   0 0 0   1 2  365
      327131091   0 0 0 0 0 0 0 0 0 0 0 0   0 0 0   1 3    0
      327131531   0 0 0 0 0 0 0 0 0 0 0 0   0 0 0   1 4    0
      327131971   0 0 0 0 0 0 0 0 0 0 0 0   0 0 0   1 5    0
      327132411   0 0 0 0 0 0 0 0 0 0 0 0   0 0 0   1 6    0
      327132851   0 0 0 0 0 0 0 0 0 0 0 0   0 0 0   1 7    0
      331518816   0 0 0 0 0 0 0 0 0 0 0 1   0 0 0   0 0    0
      331519246   0 0 0 0 0 0 0 0 0 0 0 0   0 0 0   1 0    3
      331519686   0 0 0 0 0 0 0 0 0 0 0 0   0 0 0   1 1    3
      331520126   0 0 0 0 0 0 0 0 0 0 0 0   0 0 0   1 2    0
      331520566   0 0 0 0 0 0 0 0 0 0 0 0   0 0 0   1 3    0
      331521006   0 0 0 0 0 0 0 0 0 0 0 0   0 0 0   1 4    0
      331521446   0 0 0 0 0 0 0 0 0 0 0 0   0 0 0   1 5    0
      331521886   0 0 0 0 0 0 0 0 0 0 0 0   0 0 0   1 6    0
      331522326   0 0 0 0 0 0 0 0 0 0 0 0   0 0 0   1 7    0
      339073078   0 0 0 0 0 0 0 0 0 0 0 1   0 0 0   0 0    0
      339073511   0 0 0 0 0 0 0 0 0 0 0 0   0 0 0   1 0  897
      339073951   0 0 0 0 0 0 0 0 0 0 0 0   0 0 0   1 1 1752
      339074391   0 0 0 0 0 0 0 0 0 0 0 0   0 0 0   1 2  386
      339074831   0 0 0 0 0 0 0 0 0 0 0 0   0 0 0   1 3    0
      339075271   0 0 0 0 0 0 0 0 0 0 0 0   0 0 0   1 4    0
      339075711   0 0 0 0 0 0 0 0 0 0 0 0   0 0 0   1 5    0
      339076151   0 0 0 0 0 0 0 0 0 0 0 0   0 0 0   1 6    0
      339076591   0 0 0 0 0 0 0 0 0 0 0 0   0 0 0   1 7    0
      371608999   0 0 0 0 0 0 0 0 0 0 0 1   0 0 0   0 0    0
      371609431   0 0 0 0 0 0 0 0 0 0 0 0   0 0 0   1 0  543
      371609871   0 0 0 0 0 0 0 0 0 0 0 0   0 0 0   1 1 1130
      371610311   0 0 0 0 0 0 0 0 0 0 0 0   0 0 0   1 2  432
      371610751   0 0 0 0 0 0 0 0 0 0 0 0   0 0 0   1 3    0
      371611191   0 0 0 0 0 0 0 0 0 0 0 0   0 0 0   1 4    0
      371611631   0 0 0 0 0 0 0 0 0 0 0 0   0 0 0   1 5    0
      371612071   0 0 0 0 0 0 0 0 0 0 0 0   0 0 0   1 6    0
      371612511   0 0 0 0 0 0 0 0 0 0 0 0   0 0 0   1 7    0
      392893567   0 0 0 0 0 0 0 0 0 0 0 1   0 0 0   0 0    0
      392893996   0 0 0 0 0 0 0 0 0 0 0 0   0 0 0   1 0  173
      392894436   0 0 0 0 0 0 0 0 0 0 0 0   0 0 0   1 1  288
      392894876   0 0 0 0 0 0 0 0 0 0 0 0   0 0 0   1 2  240
      392895316   0 0 0 0 0 0 0 0 0 0 0 0   0 0 0   1 3  199
      392895756   0 0 0 0 0 0 0 0 0 0 0 0   0 0 0   1 4  165
      392896196   0 0 0 0 0 0 0 0 0 0 0 0   0 0 0   1 5  135
      392896636   0 0 0 0 0 0 0 0 0 0 0 0   0 0 0   1 6  108
      392897076   0 0 0 0 0 0 0 0 0 0 0 0   0 0 0   1 7   83
      394303009   0 0 0 0 0 0 0 0 0 0 0 1   0 0 0   0 0    0
      394303441   0 0 0 0 0 0 0 0 0 0 0 0   0 0 0   1 0  197
      394303881   0 0 0 0 0 0 0 0 0 0 0 0   0 0 0   1 1  270
      394304321   0 0 0 0 0 0 0 0 0 0 0 0   0 0 0   1 2  231
      394304761   0 0 0 0 0 0 0 0 0 0 0 0   0 0 0   1 3  194
      394305201   0 0 0 0 0 0 0 0 0 0 0 0   0 0 0   1 4  158
      394305641   0 0 0 0 0 0 0 0 0 0 0 0   0 0 0   1 5  123
      394306081   0 0 0 0 0 0 0 0 0 0 0 0   0 0 0   1 6   92
      394306521   0 0 0 0 0 0 0 0 0 0 0 0   0 0 0   1 7   64
      397549780   0 0 0 0 0 0 0 0 0 0 0 1   0 0 0   0 0    0
      397550211   0 0 0 0 0 0 0 0 0 0 0 0   0 0 0   1 0  902
      397550651   0 0 0 0 0 0 0 0 0 0 0 0   0 0 0   1 1    0
      397551091   0 0 0 0 0 0 0 0 0 0 0 0   0 0 0   1 2    0
      397551531   0 0 0 0 0 0 0 0 0 0 0 0   0 0 0   1 3    0
      397551971   0 0 0 0 0 0 0 0 0 0 0 0   0 0 0   1 4    0
      397552411   0 0 0 0 0 0 0 0 0 0 0 0   0 0 0   1 5    0
      397552851   0 0 0 0 0 0 0 0 0 0 0 0   0 0 0   1 6    0
      397553291   0 0 0 0 0 0 0 0 0 0 0 0   0 0 0   1 7    0
      398589896   0 0 0 0 0 0 0 0 0 0 0 1   0 0 0   0 0    0
      398590326   0 0 0 0 0 0 0 0 0 0 0 0   0 0 0   1 0  676
      398590766   0 0 0 0 0 0 0 0 0 0 0 0   0 0 0   1 1 1686
      398591206   0 0 0 0 0 0 0 0 0 0 0 0   0 0 0   1 2 1470
      398591646   0 0 0 0 0 0 0 0 0 0 0 0   0 0 0   1 3  713
      398592086   0 0 0 0 0 0 0 0 0 0 0 0   0 0 0   1 4    0
      398592526   0 0 0 0 0 0 0 0 0 0 0 0   0 0 0   1 5    0
      398592966   0 0 0 0 0 0 0 0 0 0 0 0   0 0 0   1 6    0
      398593406   0 0 0 0 0 0 0 0 0 0 0 0   0 0 0   1 7    0
      410167389   0 0 0 0 0 0 0 0 0 0 0 1   0 0 0   0 0    0
      410167821   0 0 0 0 0 0 0 0 0 0 0 0   0 0 0   1 0  404
      410168261   0 0 0 0 0 0 0 0 0 0 0 0   0 0 0   1 1  597
      410168701   0 0 0 0 0 0 0 0 0 0 0 0   0 0 0   1 2  532
      410169141   0 0 0 0 0 0 0 0 0 0 0 0   0 0 0   1 3  478
      410169581   0 0 0 0 0 0 0 0 0 0 0 0   0 0 0   1 4  429
      410170021   0 0 0 0 0 0 0 0 0 0 0 0   0 0 0   1 5  379
      410170461   0 0 0 0 0 0 0 0 0 0 0 0   0 0 0   1 6  330
      410170901   0 0 0 0 0 0 0 0 0 0 0 0   0 0 0   1 7  281
      410921557   0 0 0 0 0 0 0 0 0 0 0 1   0 0 0   0 0    0
      410921986   0 0 0 0 0 0 0 0 0 0 0 0   0 0 0   1 0  317
      410922426   0 0 0 0 0 0 0 0 0 0 0 0   0 0 0   1 1  729
      410922866   0 0 0 0 0 0 0 0 0 0 0 0   0 0 0   1 2  636
      410923306   0 0 0 0 0 0 0 0 0 0 0 0   0 0 0   1 3  557
      410923746   0 0 0 0 0 0 0 0 0 0 0 0   0 0 0   1 4  487
      410924186   0 0 0 0 0 0 0 0 0 0 0 0   0 0 0   1 5  419
      410924626   0 0 0 0 0 0 0 0 0 0 0 0   0 0 0   1 6  352
      410925066   0 0 0 0 0 0 0 0 0 0 0 0   0 0 0   1 7  285
      422291702   0 0 0 0 0 0 0 0 0 0 0 1   0 0 0   0 0    0
      422292131   0 0 0 0 0 0 0 0 0 0 0 0   0 0 0   1 0  125
      422292571   0 0 0 0 0 0 0 0 0 0 0 0   0 0 0   1 1  205
      422293011   0 0 0 0 0 0 0 0 0 0 0 0   0 0 0   1 2  173
      422293451   0 0 0 0 0 0 0 0 0 0 0 0   0 0 0   1 3  144
      422293891   0 0 0 0 0 0 0 0 0 0 0 0   0 0 0   1 4  118
      422294331   0 0 0 0 0 0 0 0 0 0 0 0   0 0 0   1 5   95
      422294771   0 0 0 0 0 0 0 0 0 0 0 0   0 0 0   1 6   73
      422295211   0 0 0 0 0 0 0 0 0 0 0 0   0 0 0   1 7   53
      430176082   0 0 0 0 0 0 0 0 0 0 0 1   0 0 0   0 0    0
      430176511   0 0 0 0 0 0 0 0 0 0 0 0   0 0 0   1 0  305
      430176951   0 0 0 0 0 0 0 0 0 0 0 0   0 0 0   1 1  690
      430177391   0 0 0 0 0 0 0 0 0 0 0 0   0 0 0   1 2  611
      430177831   0 0 0 0 0 0 0 0 0 0 0 0   0 0 0   1 3  536
      430178271   0 0 0 0 0 0 0 0 0 0 0 0   0 0 0   1 4  460
      430178711   0 0 0 0 0 0 0 0 0 0 0 0   0 0 0   1 5  381
      430179151   0 0 0 0 0 0 0 0 0 0 0 0   0 0 0   1 6  297
      430179591   0 0 0 0 0 0 0 0 0 0 0 0   0 0 0   1 7  211
      436292747   0 0 0 0 0 0 0 0 0 0 0 1   0 0 0   0 0    0
      436293176   0 0 0 0 0 0 0 0 0 0 0 0   0 0 0   1 0  299
      436293616   0 0 0 0 0 0 0 0 0 0 0 0   0 0 0   1 1  546
      436294056   0 0 0 0 0 0 0 0 0 0 0 0   0 0 0   1 2  480
      436294496   0 0 0 0 0 0 0 0 0 0 0 0   0 0 0   1 3  425
      436294936   0 0 0 0 0 0 0 0 0 0 0 0   0 0 0   1 4  374
      436295376   0 0 0 0 0 0 0 0 0 0 0 0   0 0 0   1 5  324
      436295816   0 0 0 0 0 0 0 0 0 0 0 0   0 0 0   1 6  277
      436296256   0 0 0 0 0 0 0 0 0 0 0 0   0 0 0   1 7  233
      456648536   1 0 0 0 0 0 0 0 0 0 0 0   0 0 0   0 0    0
      462727049   0 0 0 0 0 0 0 0 0 0 0 1   0 0 0   0 0    0
      462727481   0 0 0 0 0 0 0 0 0 0 0 0   0 0 0   1 0  518
      462727921   0 0 0 0 0 0 0 0 0 0 0 0   0 0 0   1 1  846
      462728361   0 0 0 0 0 0 0 0 0 0 0 0   0 0 0   1 2  107
      462728801   0 0 0 0 0 0 0 0 0 0 0 0   0 0 0   1 3    0
      462729241   0 0 0 0 0 0 0 0 0 0 0 0   0 0 0   1 4    0
      462729681   0 0 0 0 0 0 0 0 0 0 0 0   0 0 0   1 5    0
      462730121   0 0 0 0 0 0 0 0 0 0 0 0   0 0 0   1 6    0
      462730561   0 0 0 0 0 0 0 0 0 0 0 0   0 0 0   1 7    0
      467712289   0 0 0 0 0 0 0 0 0 0 0 1   0 0 0   0 0    0
      467712721   0 0 0 0 0 0 0 0 0 0 0 0   0 0 0   1 0  805
      467713161   0 0 0 0 0 0 0 0 0 0 0 0   0 0 0   1 1 1429
      467713601   0 0 0 0 0 0 0 0 0 0 0 0   0 0 0   1 2  550
      467714041   0 0 0 0 0 0 0 0 0 0 0 0   0 0 0   1 3    0
      467714481   0 0 0 0 0 0 0 0 0 0 0 0   0 0 0   1 4    0
      467714921   0 0 0 0 0 0 0 0 0 0 0 0   0 0 0   1 5    0
      467715361   0 0 0 0 0 0 0 0 0 0 0 0   0 0 0   1 6    0
      467715801   0 0 0 0 0 0 0 0 0 0 0 0   0 0 0   1 7    0
      492451479   0 0 0 0 0 0 0 0 0 0 0 1   0 0 0   0 0    0
      492451911   0 0 0 0 0 0 0 0 0 0 0 0   0 0 0   1 0  344
      492452351   0 0 0 0 0 0 0 0 0 0 0 0   0 0 0   1 1  518
      492452791   0 0 0 0 0 0 0 0 0 0 0 0   0 0 0   1 2  436
      492453231   0 0 0 0 0 0 0 0 0 0 0 0   0 0 0   1 3  369
      492453671   0 0 0 0 0 0 0 0 0 0 0 0   0 0 0   1 4  312
      492454111   0 0 0 0 0 0 0 0 0 0 0 0   0 0 0   1 5  263
      492454551   0 0 0 0 0 0 0 0 0 0 0 0   0 0 0   1 6  218
      492454991   0 0 0 0 0 0 0 0 0 0 0 0   0 0 0   1 7  176
      493840076   0 0 0 0 0 0 0 0 0 0 0 1   0 0 0   0 0    0
      493840082   1 0 0 0 0 0 0 0 0 0 0 0   0 0 0   0 0    0
      493840116   0 0 1 0 0 0 0 0 0 0 0 0   0 0 0   0 0    0
      493840506   0 0 0 0 0 0 0 0 0 0 0 0   0 0 0   1 0  648
      493840946   0 0 0 0 0 0 0 0 0 0 0 0   0 0 0   1 1 1479
      493841386   0 0 0 0 0 0 0 0 0 0 0 0   0 0 0   1 2 1203
      493841826   0 0 0 0 0 0 0 0 0 0 0 0   0 0 0   1 3  111
      493842266   0 0 0 0 0 0 0 0 0 0 0 0   0 0 0   1 4    0
      493842706   0 0 0 0 0 0 0 0 0 0 0 0   0 0 0   1 5    0
      493843146   0 0 0 0 0 0 0 0 0 0 0 0   0 0 0   1 6    0
      493843586   0 0 0 0 0 0 0 0 0 0 0 0   0 0 0   1 7    0
      500759837   0 0 0 0 0 0 0 0 0 0 0 1   0 0 0   0 0    0
      500760266   0 0 0 0 0 0 0 0 0 0 0 0   0 0 0   1 0  322
      500760706   0 0 0 0 0 0 0 0 0 0 0 0   0 0 0   1 1  590
      500761146   0 0 0 0 0 0 0 0 0 0 0 0   0 0 0   1 2  508
      500761586   0 0 0 0 0 0 0 0 0 0 0 0   0 0 0   1 3  442
      500762026   0 0 0 0 0 0 0 0 0 0 0 0   0 0 0   1 4  387
      500762466   0 0 0 0 0 0 0 0 0 0 0 0   0 0 0   1 5  340
      500762906   0 0 0 0 0 0 0 0 0 0 0 0   0 0 0   1 6  296
      500763346   0 0 0 0 0 0 0 0 0 0 0 0   0 0 0   1 7  255
      520183987   0 0 0 0 0 0 0 0 0 0 0 1   0 0 0   0 0    0
      520184416   0 0 0 0 0 0 0 0 0 0 0 0   0 0 0   1 0  346
      520184856   0 0 0 0 0 0 0 0 0 0 0 0   0 0 0   1 1 1002
      520185296   0 0 0 0 0 0 0 0 0 0 0 0   0 0 0   1 2  902
      520185736   0 0 0 0 0 0 0 0 0 0 0 0   0 0 0   1 3  803
      520186176   0 0 0 0 0 0 0 0 0 0 0 0   0 0 0   1 4  691
      520186616   0 0 0 0 0 0 0 0 0 0 0 0   0 0 0   1 5  551
      520187056   0 0 0 0 0 0 0 0 0 0 0 0   0 0 0   1 6  351
      520187496   0 0 0 0 0 0 0 0 0 0 0 0   0 0 0   1 7  106
      532325649   0 0 0 0 0 0 0 0 0 0 0 1   0 0 0   0 0    0
      532326081   0 0 0 0 0 0 0 0 0 0 0 0   0 0 0   1 0  375
      532326521   0 0 0 0 0 0 0 0 0 0 0 0   0 0 0   1 1  634
      532326961   0 0 0 0 0 0 0 0 0 0 0 0   0 0 0   1 2  553
      532327401   0 0 0 0 0 0 0 0 0 0 0 0   0 0 0   1 3  486
      532327841   0 0 0 0 0 0 0 0 0 0 0 0   0 0 0   1 4  421
      532328281   0 0 0 0 0 0 0 0 0 0 0 0   0 0 0   1 5  355
      532328721   0 0 0 0 0 0 0 0 0 0 0 0   0 0 0   1 6  289
      532329161   0 0 0 0 0 0 0 0 0 0 0 0   0 0 0   1 7  227
      533564232   0 0 0 0 0 0 0 0 0 0 0 1   0 0 0   0 0    0
      533564661   0 0 0 0 0 0 0 0 0 0 0 0   0 0 0   1 0  369
      533565101   0 0 0 0 0 0 0 0 0 0 0 0   0 0 0   1 1  957
      533565541   0 0 0 0 0 0 0 0 0 0 0 0   0 0 0   1 2  265
      533565981   0 0 0 0 0 0 0 0 0 0 0 0   0 0 0   1 3    0
      533566421   0 0 0 0 0 0 0 0 0 0 0 0   0 0 0   1 4    0
      533566861   0 0 0 0 0 0 0 0 0 0 0 0   0 0 0   1 5    0
      533567301   0 0 0 0 0 0 0 0 0 0 0 0   0 0 0   1 6    0
      533567741   0 0 0 0 0 0 0 0 0 0 0 0   0 0 0   1 7    0
      534609367   0 0 0 0 0 0 0 0 0 0 0 1   0 0 0   0 0    0
      534609796   0 0 0 0 0 0 0 0 0 0 0 0   0 0 0   1 0  187
      534610236   0 0 0 0 0 0 0 0 0 0 0 0   0 0 0   1 1  380
      534610676   0 0 0 0 0 0 0 0 0 0 0 0   0 0 0   1 2  320
      534611116   0 0 0 0 0 0 0 0 0 0 0 0   0 0 0   1 3  268
      534611556   0 0 0 0 0 0 0 0 0 0 0 0   0 0 0   1 4  223
      534611996   0 0 0 0 0 0 0 0 0 0 0 0   0 0 0   1 5  181
      534612436   0 0 0 0 0 0 0 0 0 0 0 0   0 0 0   1 6  142
      534612876   0 0 0 0 0 0 0 0 0 0 0 0   0 0 0   1 7  105
      538509218   0 0 0 0 0 0 0 0 0 0 0 1   0 0 0   0 0    0
      538509651   0 0 0 0 0 0 0 0 0 0 0 0   0 0 0   1 0  502
      538510091   0 0 0 0 0 0 0 0 0 0 0 0   0 0 0   1 1  659
      538510531   0 0 0 0 0 0 0 0 0 0 0 0   0 0 0   1 2  579
      538510971   0 0 0 0 0 0 0 0 0 0 0 0   0 0 0   1 3  508
      538511411   0 0 0 0 0 0 0 0 0 0 0 0   0 0 0   1 4  440
      538511851   0 0 0 0 0 0 0 0 0 0 0 0   0 0 0   1 5  370
      538512291   0 0 0 0 0 0 0 0 0 0 0 0   0 0 0   1 6  299
      538512731   0 0 0 0 0 0 0 0 0 0 0 0   0 0 0   1 7  229
      553030862   0 0 0 0 0 0 0 0 0 0 0 1   0 0 0   0 0    0
      553031291   0 0 0 0 0 0 0 0 0 0 0 0   0 0 0   1 0  271
      553031731   0 0 0 0 0 0 0 0 0 0 0 0   0 0 0   1 1  452
      553032171   0 0 0 0 0 0 0 0 0 0 0 0   0 0 0   1 2  399
      553032611   0 0 0 0 0 0 0 0 0 0 0 0   0 0 0   1 3  351
      553033051   0 0 0 0 0 0 0 0 0 0 0 0   0 0 0   1 4  309
      553033491   0 0 0 0 0 0 0 0 0 0 0 0   0 0 0   1 5  271
      553033931   0 0 0 0 0 0 0 0 0 0 0 0   0 0 0   1 6  233
      553034371   0 0 0 0 0 0 0 0 0 0 0 0   0 0 0   1 7  198
      571376191   0 0 0 0 0 0 0 0 0 0 0 1   0 0 0   0 0    0
      571376209   0 0 0 0 0 0 0 0 0 0 0 1   0 0 0   0 0    0
      571376621   0 0 0 0 0 0 0 0 0 0 0 0   0 0 0   1 0  698
      571377061   0 0 0 0 0 0 0 0 0 0 0 0   0 0 0   1 1    5
      571377501   0 0 0 0 0 0 0 0 0 0 0 0   0 0 0   1 2    0
      571377941   0 0 0 0 0 0 0 0 0 0 0 0   0 0 0   1 3    0
      571378381   0 0 0 0 0 0 0 0 0 0 0 0   0 0 0   1 4    0
      571378821   0 0 0 0 0 0 0 0 0 0 0 0   0 0 0   1 5    0
      571379261   0 0 0 0 0 0 0 0 0 0 0 0   0 0 0   1 6    0
      571379701   0 0 0 0 0 0 0 0 0 0 0 0   0 0 0   1 7    0
      578845739   0 0 0 0 0 0 0 0 0 0 0 1   0 0 0   0 0    0
      578846171   0 0 0 0 0 0 0 0 0 0 0 0   0 0 0   1 0  721
      578846611   0 0 0 0 0 0 0 0 0 0 0 0   0 0 0   1 1 1369
      578847051   0 0 0 0 0 0 0 0 0 0 0 0   0 0 0   1 2 1216
      578847491   0 0 0 0 0 0 0 0 0 0 0 0   0 0 0   1 3 1057
      578847931   0 0 0 0 0 0 0 0 0 0 0 0   0 0 0   1 4  826
      578848371   0 0 0 0 0 0 0 0 0 0 0 0   0 0 0   1 5  270
      578848811   0 0 0 0 0 0 0 0 0 0 0 0   0 0 0   1 6    0
      578849251   0 0 0 0 0 0 0 0 0 0 0 0   0 0 0   1 7    0
      593398016   1 0 0 0 0 0 0 0 0 0 0 0   0 0 0   0 0    0
      615163699   0 0 0 0 0 0 0 0 0 0 0 1   0 0 0   0 0    0
      615164131   0 0 0 0 0 0 0 0 0 0 0 0   0 0 0   1 0   63
      615164571   0 0 0 0 0 0 0 0 0 0 0 0   0 0 0   1 1   79
      615165011   0 0 0 0 0 0 0 0 0 0 0 0   0 0 0   1 2   67
      615165451   0 0 0 0 0 0 0 0 0 0 0 0   0 0 0   1 3   55
      615165891   0 0 0 0 0 0 0 0 0 0 0 0   0 0 0   1 4   43
      615166331   0 0 0 0 0 0 0 0 0 0 0 0   0 0 0   1 5   31
      615166771   0 0 0 0 0 0 0 0 0 0 0 0   0 0 0   1 6   19
      615167211   0 0 0 0 0 0 0 0 0 0 0 0   0 0 0   1 7    9
      616224465   0 0 0 0 0 0 0 0 0 0 0 1   0 0 0   0 0    0
      616224896   0 0 0 0 0 0 0 0 0 0 0 0   0 0 0   1 0  418
      616225336   0 0 0 0 0 0 0 0 0 0 0 0   0 0 0   1 1  931
      616225776   0 0 0 0 0 0 0 0 0 0 0 0   0 0 0   1 2  831
      616226216   0 0 0 0 0 0 0 0 0 0 0 0   0 0 0   1 3  740
      616226656   0 0 0 0 0 0 0 0 0 0 0 0   0 0 0   1 4  646
      616227096   0 0 0 0 0 0 0 0 0 0 0 0   0 0 0   1 5  544
      616227536   0 0 0 0 0 0 0 0 0 0 0 0   0 0 0   1 6  429
      616227976   0 0 0 0 0 0 0 0 0 0 0 0   0 0 0   1 7  292
      616634140   0 0 0 0 0 0 0 0 0 0 0 1   0 0 0   0 0    0
      616634143   1 0 0 0 0 0 0 0 0 0 0 0   0 0 0   0 0    0
      616634179   0 0 1 0 0 0 0 0 0 0 0 0   0 0 0   0 0    0
      616634571   0 0 0 0 0 0 0 0 0 0 0 0   0 0 0   1 0    0
      616635011   0 0 0 0 0 0 0 0 0 0 0 0   0 0 0   1 1    0
      616635451   0 0 0 0 0 0 0 0 0 0 0 0   0 0 0   1 2    0
      616635891   0 0 0 0 0 0 0 0 0 0 0 0   0 0 0   1 3    0
      616636331   0 0 0 0 0 0 0 0 0 0 0 0   0 0 0   1 4    0
      616636771   0 0 0 0 0 0 0 0 0 0 0 0   0 0 0   1 5    0
      616637211   0 0 0 0 0 0 0 0 0 0 0 0   0 0 0   1 6    0
      616637651   0 0 0 0 0 0 0 0 0 0 0 0   0 0 0   1 7    0
      617919804   0 0 0 0 0 0 0 0 0 0 0 1   0 0 0   0 0    0
      617920236   0 0 0 0 0 0 0 0 0 0 0 0   0 0 0   1 0  508
      617920676   0 0 0 0 0 0 0 0 0 0 0 0   0 0 0   1 1 1100
      617921116   0 0 0 0 0 0 0 0 0 0 0 0   0 0 0   1 2  978
      617921556   0 0 0 0 0 0 0 0 0 0 0 0   0 0 0   1 3  872
      617921996   0 0 0 0 0 0 0 0 0 0 0 0   0 0 0   1 4  760
      617922436   0 0 0 0 0 0 0 0 0 0 0 0   0 0 0   1 5  624
      617922876   0 0 0 0 0 0 0 0 0 0 0 0   0 0 0   1 6  430
      617923316   0 0 0 0 0 0 0 0 0 0 0 0   0 0 0   1 7  157
      622309690   0 0 0 0 0 0 0 0 0 0 0 1   0 0 0   0 0    0
      622310121   0 0 0 0 0 0 0 0 0 0 0 0   0 0 0   1 0  108
      622310561   0 0 0 0 0 0 0 0 0 0 0 0   0 0 0   1 1  210
      622311001   0 0 0 0 0 0 0 0 0 0 0 0   0 0 0   1 2  172
      622311441   0 0 0 0 0 0 0 0 0 0 0 0   0 0 0   1 3  138
      622311881   0 0 0 0 0 0 0 0 0 0 0 0   0 0 0   1 4  109
      622312321   0 0 0 0 0 0 0 0 0 0 0 0   0 0 0   1 5   85
      622312761   0 0 0 0 0 0 0 0 0 0 0 0   0 0 0   1 6   63
      622313201   0 0 0 0 0 0 0 0 0 0 0 0   0 0 0   1 7   43
      624566925   0 0 0 0 0 0 0 0 0 0 0 1   0 0 0   0 0    0
      624567356   0 0 0 0 0 0 0 0 0 0 0 0   0 0 0   1 0  721
      624567796   0 0 0 0 0 0 0 0 0 0 0 0   0 0 0   1 1 1588
      624568236   0 0 0 0 0 0 0 0 0 0 0 0   0 0 0   1 2 1331
      624568676   0 0 0 0 0 0 0 0 0 0 0 0   0 0 0   1 3  145
      624569116   0 0 0 0 0 0 0 0 0 0 0 0   0 0 0   1 4    0
      624569556   0 0 0 0 0 0 0 0 0 0 0 0   0 0 0   1 5    0
      624569996   0 0 0 0 0 0 0 0 0 0 0 0   0 0 0   1 6    0
      624570436   0 0 0 0 0 0 0 0 0 0 0 0   0 0 0   1 7    0
      630087346   0 0 0 0 0 0 0 0 0 0 0 1   0 0 0   0 0    0
      630087776   0 0 0 0 0 0 0 0 0 0 0 0   0 0 0   1 0  334
      630088216   0 0 0 0 0 0 0 0 0 0 0 0   0 0 0   1 1  619
      630088656   0 0 0 0 0 0 0 0 0 0 0 0   0 0 0   1 2  550
      630089096   0 0 0 0 0 0 0 0 0 0 0 0   0 0 0   1 3  491
      630089536   0 0 0 0 0 0 0 0 0 0 0 0   0 0 0   1 4  435
      630089976   0 0 0 0 0 0 0 0 0 0 0 0   0 0 0   1 5  381
      630090416   0 0 0 0 0 0 0 0 0 0 0 0   0 0 0   1 6  328
      630090856   0 0 0 0 0 0 0 0 0 0 0 0   0 0 0   1 7  275
      632239188   0 0 0 0 0 0 0 0 0 0 0 1   0 0 0   0 0    0
      632239621   0 0 0 0 0 0 0 0 0 0 0 0   0 0 0   1 0  469
      632240061   0 0 0 0 0 0 0 0 0 0 0 0   0 0 0   1 1  769
      632240501   0 0 0 0 0 0 0 0 0 0 0 0   0 0 0   1 2  670
      632240941   0 0 0 0 0 0 0 0 0 0 0 0   0 0 0   1 3  590
      632241381   0 0 0 0 0 0 0 0 0 0 0 0   0 0 0   1 4  517
      632241821   0 0 0 0 0 0 0 0 0 0 0 0   0 0 0   1 5  447
      632242261   0 0 0 0 0 0 0 0 0 0 0 0   0 0 0   1 6  378
      632242701   0 0 0 0 0 0 0 0 0 0 0 0   0 0 0   1 7  310
      635834506   1 0 0 0 0 0 0 0 0 0 0 0   0 0 0   0 0    0
      644456200   0 0 0 0 0 0 0 0 0 0 0 1   0 0 0   0 0    0
      644456631   0 0 0 0 0 0 0 0 0 0 0 0   0 0 0   1 0  415
      644457071   0 0 0 0 0 0 0 0 0 0 0 0   0 0 0   1 1  795
      644457511   0 0 0 0 0 0 0 0 0 0 0 0   0 0 0   1 2  693
      644457951   0 0 0 0 0 0 0 0 0 0 0 0   0 0 0   1 3  612
      644458391   0 0 0 0 0 0 0 0 0 0 0 0   0 0 0   1 4  540
      644458831   0 0 0 0 0 0 0 0 0 0 0 0   0 0 0   1 5  469
      644459271   0 0 0 0 0 0 0 0 0 0 0 0   0 0 0   1 6  401
      644459711   0 0 0 0 0 0 0 0 0 0 0 0   0 0 0   1 7  333
      654502001   0 0 0 0 0 0 0 0 0 0 0 1   0 0 0   0 0    0
      654502431   0 0 0 0 0 0 0 0 0 0 0 0   0 0 0   1 0  822
      654502871   0 0 0 0 0 0 0 0 0 0 0 0   0 0 0   1 1 1676
      654503311   0 0 0 0 0 0 0 0 0 0 0 0   0 0 0   1 2 1443
      654503751   0 0 0 0 0 0 0 0 0 0 0 0   0 0 0   1 3  479
      654504191   0 0 0 0 0 0 0 0 0 0 0 0   0 0 0   1 4    0
      654504631   0 0 0 0 0 0 0 0 0 0 0 0   0 0 0   1 5    0
      654505071   0 0 0 0 0 0 0 0 0 0 0 0   0 0 0   1 6    0
      654505511   0 0 0 0 0 0 0 0 0 0 0 0   0 0 0   1 7    0
      656734715   1 0 0 0 0 0 0 0 0 0 0 0   0 0 0   0 0    0
      658423481   0 0 0 0 0 0 0 0 0 0 0 1   0 0 0   0 0    0
      658423911   0 0 0 0 0 0 0 0 0 0 0 0   0 0 0   1 0  367
      658424351   0 0 0 0 0 0 0 0 0 0 0 0   0 0 0   1 1  813
      658424791   0 0 0 0 0 0 0 0 0 0 0 0   0 0 0   1 2  718
      658425231   0 0 0 0 0 0 0 0 0 0 0 0   0 0 0   1 3  634
      658425671   0 0 0 0 0 0 0 0 0 0 0 0   0 0 0   1 4  548
      658426111   0 0 0 0 0 0 0 0 0 0 0 0   0 0 0   1 5  453
      658426551   0 0 0 0 0 0 0 0 0 0 0 0   0 0 0   1 6  348
      658426991   0 0 0 0 0 0 0 0 0 0 0 0   0 0 0   1 7  236
      661516932   0 0 0 0 0 0 0 0 0 0 0 1   0 0 0   0 0    0
      661516948   0 0 0 0 0 0 0 0 0 0 0 1   0 0 0   0 0    0
      661517361   0 0 0 0 0 0 0 0 0 0 0 0   0 0 0   1 0  576
      661517801   0 0 0 0 0 0 0 0 0 0 0 0   0 0 0   1 1 1022
      661518241   0 0 0 0 0 0 0 0 0 0 0 0   0 0 0   1 2    0
      661518681   0 0 0 0 0 0 0 0 0 0 0 0   0 0 0   1 3    0
      661519121   0 0 0 0 0 0 0 0 0 0 0 0   0 0 0   1 4    0
      661519561   0 0 0 0 0 0 0 0 0 0 0 0   0 0 0   1 5    0
      661520001   0 0 0 0 0 0 0 0 0 0 0 0   0 0 0   1 6    0
      661520441   0 0 0 0 0 0 0 0 0 0 0 0   0 0 0   1 7    0
      679786447   1 0 0 0 0 0 0 0 0 0 0 0   0 0 0   0 0    0
      680002108   0 0 0 0 0 0 0 0 0 0 0 1   0 0 0   0 0    0
      680002541   0 0 0 0 0 0 0 0 0 0 0 0   0 0 0   1 0  530
      680002981   0 0 0 0 0 0 0 0 0 0 0 0   0 0 0   1 1  941
      680003421   0 0 0 0 0 0 0 0 0 0 0 0   0 0 0   1 2  817
      680003861   0 0 0 0 0 0 0 0 0 0 0 0   0 0 0   1 3  716
      680004301   0 0 0 0 0 0 0 0 0 0 0 0   0 0 0   1 4  625
      680004741   0 0 0 0 0 0 0 0 0 0 0 0   0 0 0   1 5  537
      680005181   0 0 0 0 0 0 0 0 0 0 0 0   0 0 0   1 6  448
      680005621   0 0 0 0 0 0 0 0 0 0 0 0   0 0 0   1 7  357
      681403071   0 0 0 0 0 0 0 0 0 0 0 1   0 0 0   0 0    0
      681403501   0 0 0 0 0 0 0 0 0 0 0 0   0 0 0   1 0  354
      681403941   0 0 0 0 0 0 0 0 0 0 0 0   0 0 0   1 1  651
      681404381   0 0 0 0 0 0 0 0 0 0 0 0   0 0 0   1 2  398
      681404821   0 0 0 0 0 0 0 0 0 0 0 0   0 0 0   1 3   71
      681405261   0 0 0 0 0 0 0 0 0 0 0 0   0 0 0   1 4    0
      681405701   0 0 0 0 0 0 0 0 0 0 0 0   0 0 0   1 5    0
      681406141   0 0 0 0 0 0 0 0 0 0 0 0   0 0 0   1 6    0
      681406581   0 0 0 0 0 0 0 0 0 0 0 0   0 0 0   1 7    0
      682824476   0 0 0 0 0 0 0 0 0 0 0 1   0 0 0   0 0    0
      682824492   0 0 0 0 0 0 0 0 0 0 0 1   0 0 0   0 0    0
      682824906   0 0 0 0 0 0 0 0 0 0 0 0   0 0 0   1 0  650
      682825346   0 0 0 0 0 0 0 0 0 0 0 0   0 0 0   1 1 1503
      682825786   0 0 0 0 0 0 0 0 0 0 0 0   0 0 0   1 2 1337
      682826226   0 0 0 0 0 0 0 0 0 0 0 0   0 0 0   1 3 1146
      682826666   0 0 0 0 0 0 0 0 0 0 0 0   0 0 0   1 4  735
      682827106   0 0 0 0 0 0 0 0 0 0 0 0   0 0 0   1 5    3
      682827546   0 0 0 0 0 0 0 0 0 0 0 0   0 0 0   1 6    0
      682827986   0 0 0 0 0 0 0 0 0 0 0 0   0 0 0   1 7    0
      683117723   0 0 0 0 0 0 0 0 0 0 0 1   0 0 0   0 0    0
      683117738   0 0 0 0 0 0 0 0 0 0 0 1   0 0 0   0 0    0
      683118156   0 0 0 0 0 0 0 0 0 0 0 0   0 0 0   1 0  529
      683118596   0 0 0 0 0 0 0 0 0 0 0 0   0 0 0   1 1  906
      683119036   0 0 0 0 0 0 0 0 0 0 0 0   0 0 0   1 2  790
      683119476   0 0 0 0 0 0 0 0 0 0 0 0   0 0 0   1 3  627
      683119916   0 0 0 0 0 0 0 0 0 0 0 0   0 0 0   1 4  332
      683120356   0 0 0 0 0 0 0 0 0 0 0 0   0 0 0   1 5   34
      683120796   0 0 0 0 0 0 0 0 0 0 0 0   0 0 0   1 6    0
      683121236   0 0 0 0 0 0 0 0 0 0 0 0   0 0 0   1 7    0
      687460505   0 0 0 0 0 0 0 0 0 0 0 1   0 0 0   0 0    0
      687460936   0 0 0 0 0 0 0 0 0 0 0 0   0 0 0   1 0  814
      687461376   0 0 0 0 0 0 0 0 0 0 0 0   0 0 0   1 1    0
      687461816   0 0 0 0 0 0 0 0 0 0 0 0   0 0 0   1 2    0
      687462256   0 0 0 0 0 0 0 0 0 0 0 0   0 0 0   1 3    0
      687462696   0 0 0 0 0 0 0 0 0 0 0 0   0 0 0   1 4    0
      687463136   0 0 0 0 0 0 0 0 0 0 0 0   0 0 0   1 5    0
      687463576   0 0 0 0 0 0 0 0 0 0 0 0   0 0 0   1 6    0
      687464016   0 0 0 0 0 0 0 0 0 0 0 0   0 0 0   1 7    0
      687744209   0 0 0 0 0 0 0 0 0 0 0 1   0 0 0   0 0    0
      687744226   0 0 0 0 0 0 0 0 0 0 0 1   0 0 0   0 0    0
      687744641   0 0 0 0 0 0 0 0 0 0 0 0   0 0 0   1 0  772
      687745081   0 0 0 0 0 0 0 0 0 0 0 0   0 0 0   1 1 1443
      687745521   0 0 0 0 0 0 0 0 0 0 0 0   0 0 0   1 2 1286
      687745961   0 0 0 0 0 0 0 0 0 0 0 0   0 0 0   1 3 1101
      687746401   0 0 0 0 0 0 0 0 0 0 0 0   0 0 0   1 4  721
      687746841   0 0 0 0 0 0 0 0 0 0 0 0   0 0 0   1 5   11
      687747281   0 0 0 0 0 0 0 0 0 0 0 0   0 0 0   1 6    0
      687747721   0 0 0 0 0 0 0 0 0 0 0 0   0 0 0   1 7    0
      690749432   0 0 0 0 0 0 0 0 0 0 0 1   0 0 0   0 0    0
      690749861   0 0 0 0 0 0 0 0 0 0 0 0   0 0 0   1 0  159
      690750301   0 0 0 0 0 0 0 0 0 0 0 0   0 0 0   1 1  250
      690750741   0 0 0 0 0 0 0 0 0 0 0 0   0 0 0   1 2  210
      690751181   0 0 0 0 0 0 0 0 0 0 0 0   0 0 0   1 3  176
      690751621   0 0 0 0 0 0 0 0 0 0 0 0   0 0 0   1 4  145
      690752061   0 0 0 0 0 0 0 0 0 0 0 0   0 0 0   1 5  117
      690752501   0 0 0 0 0 0 0 0 0 0 0 0   0 0 0   1 6   93
      690752941   0 0 0 0 0 0 0 0 0 0 0 0   0 0 0   1 7   71
      692762949   0 0 0 0 0 0 0 0 0 0 0 1   0 0 0   0 0    0
      692762965   0 0 0 0 0 0 0 0 0 0 0 1   0 0 0   0 0    0
      692763381   0 0 0 0 0 0 0 0 0 0 0 0   0 0 0   1 0  481
      692763821   0 0 0 0 0 0 0 0 0 0 0 0   0 0 0   1 1  909
      692764261   0 0 0 0 0 0 0 0 0 0 0 0   0 0 0   1 2  799
      692764701   0 0 0 0 0 0 0 0 0 0 0 0   0 0 0   1 3  709
      692765141   0 0 0 0 0 0 0 0 0 0 0 0   0 0 0   1 4  623
      692765581   0 0 0 0 0 0 0 0 0 0 0 0   0 0 0   1 5  537
      692766021   0 0 0 0 0 0 0 0 0 0 0 0   0 0 0   1 6  449
      692766461   0 0 0 0 0 0 0 0 0 0 0 0   0 0 0   1 7  358
      693305745   0 0 0 0 0 0 0 0 0 0 0 1   0 0 0   0 0    0
      693306176   0 0 0 0 0 0 0 0 0 0 0 0   0 0 0   1 0  164
      693306616   0 0 0 0 0 0 0 0 0 0 0 0   0 0 0   1 1  212
      693307056   0 0 0 0 0 0 0 0 0 0 0 0   0 0 0   1 2  194
      693307496   0 0 0 0 0 0 0 0 0 0 0 0   0 0 0   1 3  178
      693307936   0 0 0 0 0 0 0 0 0 0 0 0   0 0 0   1 4  162
      693308376   0 0 0 0 0 0 0 0 0 0 0 0   0 0 0   1 5  149
      693308816   0 0 0 0 0 0 0 0 0 0 0 0   0 0 0   1 6  135
      693309256   0 0 0 0 0 0 0 0 0 0 0 0   0 0 0   1 7  122
      695207663   0 0 0 0 0 0 0 0 0 0 0 1   0 0 0   0 0    0
      695208096   0 0 0 0 0 0 0 0 0 0 0 0   0 0 0   1 0  323
      695208536   0 0 0 0 0 0 0 0 0 0 0 0   0 0 0   1 1  445
      695208976   0 0 0 0 0 0 0 0 0 0 0 0   0 0 0   1 2  378
      695209416   0 0 0 0 0 0 0 0 0 0 0 0   0 0 0   1 3  310
      695209856   0 0 0 0 0 0 0 0 0 0 0 0   0 0 0   1 4  243
      695210296   0 0 0 0 0 0 0 0 0 0 0 0   0 0 0   1 5  178
      695210736   0 0 0 0 0 0 0 0 0 0 0 0   0 0 0   1 6  117
      695211176   0 0 0 0 0 0 0 0 0 0 0 0   0 0 0   1 7   65
      699722199   0 0 0 0 0 0 0 0 0 0 0 1   0 0 0   0 0    0
      699722631   0 0 0 0 0 0 0 0 0 0 0 0   0 0 0   1 0  861
      699723071   0 0 0 0 0 0 0 0 0 0 0 0   0 0 0   1 1 1637
      699723511   0 0 0 0 0 0 0 0 0 0 0 0   0 0 0   1 2 1446
      699723951   0 0 0 0 0 0 0 0 0 0 0 0   0 0 0   1 3 1048
      699724391   0 0 0 0 0 0 0 0 0 0 0 0   0 0 0   1 4    0
      699724831   0 0 0 0 0 0 0 0 0 0 0 0   0 0 0   1 5    0
      699725271   0 0 0 0 0 0 0 0 0 0 0 0   0 0 0   1 6    0
      699725711   0 0 0 0 0 0 0 0 0 0 0 0   0 0 0   1 7    0
      704018823   0 0 0 0 0 0 0 0 0 0 0 1   0 0 0   0 0    0
      704019256   0 0 0 0 0 0 0 0 0 0 0 0   0 0 0   1 0  761
      704019696   0 0 0 0 0 0 0 0 0 0 0 0   0 0 0   1 1 1116
      704020136   0 0 0 0 0 0 0 0 0 0 0 0   0 0 0   1 2  968
      704020576   0 0 0 0 0 0 0 0 0 0 0 0   0 0 0   1 3  843
      704021016   0 0 0 0 0 0 0 0 0 0 0 0   0 0 0   1 4  726
      704021456   0 0 0 0 0 0 0 0 0 0 0 0   0 0 0   1 5  605
      704021896   0 0 0 0 0 0 0 0 0 0 0 0   0 0 0   1 6  473
      704022336   0 0 0 0 0 0 0 0 0 0 0 0   0 0 0   1 7  324
      725710616   0 0 0 0 0 0 0 0 0 0 0 1   0 0 0   0 0    0
      725711046   0 0 0 0 0 0 0 0 0 0 0 0   0 0 0   1 0  368
      725711486   0 0 0 0 0 0 0 0 0 0 0 0   0 0 0   1 1  617
      725711926   0 0 0 0 0 0 0 0 0 0 0 0   0 0 0   1 2  502
      725712366   0 0 0 0 0 0 0 0 0 0 0 0   0 0 0   1 3  348
      725712806   0 0 0 0 0 0 0 0 0 0 0 0   0 0 0   1 4  159
      725713246   0 0 0 0 0 0 0 0 0 0 0 0   0 0 0   1 5   28
      725713686   0 0 0 0 0 0 0 0 0 0 0 0   0 0 0   1 6    0
      725714126   0 0 0 0 0 0 0 0 0 0 0 0   0 0 0   1 7    0
      726805269   0 0 0 0 0 0 0 0 0 0 0 1   0 0 0   0 0    0
      726805701   0 0 0 0 0 0 0 0 0 0 0 0   0 0 0   1 0 1020
      726806141   0 0 0 0 0 0 0 0 0 0 0 0   0 0 0   1 1 1944
      726806581   0 0 0 0 0 0 0 0 0 0 0 0   0 0 0   1 2 1724
      726807021   0 0 0 0 0 0 0 0 0 0 0 0   0 0 0   1 3 1200
      726807461   0 0 0 0 0 0 0 0 0 0 0 0   0 0 0   1 4    0
      726807901   0 0 0 0 0 0 0 0 0 0 0 0   0 0 0   1 5    0
      726808341   0 0 0 0 0 0 0 0 0 0 0 0   0 0 0   1 6    0
      726808781   0 0 0 0 0 0 0 0 0 0 0 0   0 0 0   1 7    0
      729594226   0 0 0 0 0 0 0 0 0 0 0 1   0 0 0   0 0    0
      729594656   0 0 0 0 0 0 0 0 0 0 0 0   0 0 0   1 0  365
      729595096   0 0 0 0 0 0 0 0 0 0 0 0   0 0 0   1 1  792
      729595536   0 0 0 0 0 0 0 0 0 0 0 0   0 0 0   1 2  650
      729595976   0 0 0 0 0 0 0 0 0 0 0 0   0 0 0   1 3  446
      729596416   0 0 0 0 0 0 0 0 0 0 0 0   0 0 0   1 4  150
      729596856   0 0 0 0 0 0 0 0 0 0 0 0   0 0 0   1 5    0
      729597296   0 0 0 0 0 0 0 0 0 0 0 0   0 0 0   1 6    0
      729597736   0 0 0 0 0 0 0 0 0 0 0 0   0 0 0   1 7    0
      741391415   0 0 0 0 0 0 0 0 0 0 0 1   0 0 0   0 0    0
      741391432   0 0 0 0 0 0 0 0 0 0 0 1   0 0 0   0 0    0
      741391846   0 0 0 0 0 0 0 0 0 0 0 0   0 0 0   1 0  841
      741392286   0 0 0 0 0 0 0 0 0 0 0 0   0 0 0   1 1  722
      741392726   0 0 0 0 0 0 0 0 0 0 0 0   0 0 0   1 2    0
      741393166   0 0 0 0 0 0 0 0 0 0 0 0   0 0 0   1 3    0
      741393606   0 0 0 0 0 0 0 0 0 0 0 0   0 0 0   1 4    0
      741394046   0 0 0 0 0 0 0 0 0 0 0 0   0 0 0   1 5    0
      741394486   0 0 0 0 0 0 0 0 0 0 0 0   0 0 0   1 6    0
      741394926   0 0 0 0 0 0 0 0 0 0 0 0   0 0 0   1 7    0
      754404349   1 0 0 0 0 0 0 0 0 0 0 0   0 0 0   0 0    0
      755302700   0 0 0 0 0 0 0 0 0 0 0 1   0 0 0   0 0    0
      755303131   0 0 0 0 0 0 0 0 0 0 0 0   0 0 0   1 0  211
      755303571   0 0 0 0 0 0 0 0 0 0 0 0   0 0 0   1 1  244
      755304011   0 0 0 0 0 0 0 0 0 0 0 0   0 0 0   1 2  123
      755304451   0 0 0 0 0 0 0 0 0 0 0 0   0 0 0   1 3   36
      755304891   0 0 0 0 0 0 0 0 0 0 0 0   0 0 0   1 4    0
      755305331   0 0 0 0 0 0 0 0 0 0 0 0   0 0 0   1 5    0
      755305771   0 0 0 0 0 0 0 0 0 0 0 0   0 0 0   1 6    0
      755306211   0 0 0 0 0 0 0 0 0 0 0 0   0 0 0   1 7    0
      778672679   0 0 0 0 0 0 0 0 0 0 0 1   0 0 0   0 0    0
      778673111   0 0 0 0 0 0 0 0 0 0 0 0   0 0 0   1 0  855
      778673551   0 0 0 0 0 0 0 0 0 0 0 0   0 0 0   1 1 1570
      778673991   0 0 0 0 0 0 0 0 0 0 0 0   0 0 0   1 2 1391
      778674431   0 0 0 0 0 0 0 0 0 0 0 0   0 0 0   1 3 1085
      778674871   0 0 0 0 0 0 0 0 0 0 0 0   0 0 0   1 4   42
      778675311   0 0 0 0 0 0 0 0 0 0 0 0   0 0 0   1 5    0
      778675751   0 0 0 0 0 0 0 0 0 0 0 0   0 0 0   1 6    0
      778676191   0 0 0 0 0 0 0 0 0 0 0 0   0 0 0   1 7    0
      789673985   0 0 0 0 0 0 0 0 0 0 0 1   0 0 0   0 0    0
      789674416   0 0 0 0 0 0 0 0 0 0 0 0   0 0 0   1 0  676
      789674856   0 0 0 0 0 0 0 0 0 0 0 0   0 0 0   1 1 1576
      789675296   0 0 0 0 0 0 0 0 0 0 0 0   0 0 0   1 2 1044
      789675736   0 0 0 0 0 0 0 0 0 0 0 0   0 0 0   1 3    0
      789676176   0 0 0 0 0 0 0 0 0 0 0 0   0 0 0   1 4    0
      789676616   0 0 0 0 0 0 0 0 0 0 0 0   0 0 0   1 5    0
      789677056   0 0 0 0 0 0 0 0 0 0 0 0   0 0 0   1 6    0
      789677496   0 0 0 0 0 0 0 0 0 0 0 0   0 0 0   1 7    0
      793071653   0 0 0 0 0 0 0 0 0 0 0 1   0 0 0   0 0    0
      793072086   0 0 0 0 0 0 0 0 0 0 0 0   0 0 0   1 0  931
      793072526   0 0 0 0 0 0 0 0 0 0 0 0   0 0 0   1 1 1804
      793072966   0 0 0 0 0 0 0 0 0 0 0 0   0 0 0   1 2 1530
      793073406   0 0 0 0 0 0 0 0 0 0 0 0   0 0 0   1 3   80
      793073846   0 0 0 0 0 0 0 0 0 0 0 0   0 0 0   1 4    0
      793074286   0 0 0 0 0 0 0 0 0 0 0 0   0 0 0   1 5    0
      793074726   0 0 0 0 0 0 0 0 0 0 0 0   0 0 0   1 6    0
      793075166   0 0 0 0 0 0 0 0 0 0 0 0   0 0 0   1 7    0
      802126513   0 0 0 0 0 0 0 0 0 0 0 1   0 0 0   0 0    0
      802126946   0 0 0 0 0 0 0 0 0 0 0 0   0 0 0   1 0  179
      802127386   0 0 0 0 0 0 0 0 0 0 0 0   0 0 0   1 1  233
      802127826   0 0 0 0 0 0 0 0 0 0 0 0   0 0 0   1 2  195
      802128266   0 0 0 0 0 0 0 0 0 0 0 0   0 0 0   1 3  163
      802128706   0 0 0 0 0 0 0 0 0 0 0 0   0 0 0   1 4  134
      802129146   0 0 0 0 0 0 0 0 0 0 0 0   0 0 0   1 5  110
      802129586   0 0 0 0 0 0 0 0 0 0 0 0   0 0 0   1 6   89
      802130026   0 0 0 0 0 0 0 0 0 0 0 0   0 0 0   1 7   68
      808844333   0 0 0 0 0 0 0 0 0 0 0 1   0 0 0   0 0    0
      808844766   0 0 0 0 0 0 0 0 0 0 0 0   0 0 0   1 0  323
      808845206   0 0 0 0 0 0 0 0 0 0 0 0   0 0 0   1 1  436
      808845646   0 0 0 0 0 0 0 0 0 0 0 0   0 0 0   1 2  380
      808846086   0 0 0 0 0 0 0 0 0 0 0 0   0 0 0   1 3  332
      808846526   0 0 0 0 0 0 0 0 0 0 0 0   0 0 0   1 4  287
      808846966   0 0 0 0 0 0 0 0 0 0 0 0   0 0 0   1 5  246
      808847406   0 0 0 0 0 0 0 0 0 0 0 0   0 0 0   1 6  209
      808847846   0 0 0 0 0 0 0 0 0 0 0 0   0 0 0   1 7  174
      810460898   0 0 0 0 0 0 0 0 0 0 0 1   0 0 0   0 0    0
      810461331   0 0 0 0 0 0 0 0 0 0 0 0   0 0 0   1 0  590
      810461771   0 0 0 0 0 0 0 0 0 0 0 0   0 0 0   1 1 1193
      810462211   0 0 0 0 0 0 0 0 0 0 0 0   0 0 0   1 2 1067
      810462651   0 0 0 0 0 0 0 0 0 0 0 0   0 0 0   1 3  927
      810463091   0 0 0 0 0 0 0 0 0 0 0 0   0 0 0   1 4  699
      810463531   0 0 0 0 0 0 0 0 0 0 0 0   0 0 0   1 5  191
      810463971   0 0 0 0 0 0 0 0 0 0 0 0   0 0 0   1 6    0
      810464411   0 0 0 0 0 0 0 0 0 0 0 0   0 0 0   1 7    0
      811538669   0 0 0 0 0 0 0 0 0 0 0 1   0 0 0   0 0    0
      811539101   0 0 0 0 0 0 0 0 0 0 0 0   0 0 0   1 0  470
      811539541   0 0 0 0 0 0 0 0 0 0 0 0   0 0 0   1 1 1018
      811539981   0 0 0 0 0 0 0 0 0 0 0 0   0 0 0   1 2  813
      811540421   0 0 0 0 0 0 0 0 0 0 0 0   0 0 0   1 3  329
      811540861   0 0 0 0 0 0 0 0 0 0 0 0   0 0 0   1 4    0
      811541301   0 0 0 0 0 0 0 0 0 0 0 0   0 0 0   1 5    0
      811541741   0 0 0 0 0 0 0 0 0 0 0 0   0 0 0   1 6    0
      811542181   0 0 0 0 0 0 0 0 0 0 0 0   0 0 0   1 7    0
      822980469   0 0 0 0 0 0 0 0 0 0 0 1   0 0 0   0 0    0
      822980901   0 0 0 0 0 0 0 0 0 0 0 0   0 0 0   1 0  801
      822981341   0 0 0 0 0 0 0 0 0 0 0 0   0 0 0   1 1 1525
      822981781   0 0 0 0 0 0 0 0 0 0 0 0   0 0 0   1 2 1189
      822982221   0 0 0 0 0 0 0 0 0 0 0 0   0 0 0   1 3    8
      822982661   0 0 0 0 0 0 0 0 0 0 0 0   0 0 0   1 4    0
      822983101   0 0 0 0 0 0 0 0 0 0 0 0   0 0 0   1 5    0
      822983541   0 0 0 0 0 0 0 0 0 0 0 0   0 0 0   1 6    0
      822983981   0 0 0 0 0 0 0 0 0 0 0 0   0 0 0   1 7    0
      844279498   0 0 0 0 0 0 0 0 0 0 0 1   0 0 0   0 0    0
      844279931   0 0 0 0 0 0 0 0 0 0 0 0   0 0 0   1 0  948
      844280371   0 0 0 0 0 0 0 0 0 0 0 0   0 0 0   1 1 1648
      844280811   0 0 0 0 0 0 0 0 0 0 0 0   0 0 0   1 2 1468
      844281251   0 0 0 0 0 0 0 0 0 0 0 0   0 0 0   1 3 1244
      844281691   0 0 0 0 0 0 0 0 0 0 0 0   0 0 0   1 4  550
      844282131   0 0 0 0 0 0 0 0 0 0 0 0   0 0 0   1 5    0
      844282571   0 0 0 0 0 0 0 0 0 0 0 0   0 0 0   1 6    0
      844283011   0 0 0 0 0 0 0 0 0 0 0 0   0 0 0   1 7    0
      853352657   0 0 0 0 0 0 0 0 0 0 0 1   0 0 0   0 0    0
      853353086   0 0 0 0 0 0 0 0 0 0 0 0   0 0 0   1 0  333
      853353526   0 0 0 0 0 0 0 0 0 0 0 0   0 0 0   1 1  846
      853353966   0 0 0 0 0 0 0 0 0 0 0 0   0 0 0   1 2  169
      853354406   0 0 0 0 0 0 0 0 0 0 0 0   0 0 0   1 3    0
      853354846   0 0 0 0 0 0 0 0 0 0 0 0   0 0 0   1 4    0
      853355286   0 0 0 0 0 0 0 0 0 0 0 0   0 0 0   1 5    0
      853355726   0 0 0 0 0 0 0 0 0 0 0 0   0 0 0   1 6    0
      853356166   0 0 0 0 0 0 0 0 0 0 0 0   0 0 0   1 7    0
      870156769   0 0 0 0 0 0 0 0 0 0 0 1   0 0 0   0 0    0
      870157201   0 0 0 0 0 0 0 0 0 0 0 0   0 0 0   1 0  379
      870157641   0 0 0 0 0 0 0 0 0 0 0 0   0 0 0   1 1  577
      870158081   0 0 0 0 0 0 0 0 0 0 0 0   0 0 0   1 2  486
      870158521   0 0 0 0 0 0 0 0 0 0 0 0   0 0 0   1 3  386
      870158961   0 0 0 0 0 0 0 0 0 0 0 0   0 0 0   1 4  265
      870159401   0 0 0 0 0 0 0 0 0 0 0 0   0 0 0   1 5  135
      870159841   0 0 0 0 0 0 0 0 0 0 0 0   0 0 0   1 6   38
      870160281   0 0 0 0 0 0 0 0 0 0 0 0   0 0 0   1 7    0
      872550664   0 0 0 0 0 0 0 0 0 0 0 1   0 0 0   0 0    0
      872551096   0 0 0 0 0 0 0 0 0 0 0 0   0 0 0   1 0  912
      872551536   0 0 0 0 0 0 0 0 0 0 0 0   0 0 0   1 1 1657
      872551976   0 0 0 0 0 0 0 0 0 0 0 0   0 0 0   1 2 1455
      872552416   0 0 0 0 0 0 0 0 0 0 0 0   0 0 0   1 3 1081
      872552856   0 0 0 0 0 0 0 0 0 0 0 0   0 0 0   1 4    1
      872553296   0 0 0 0 0 0 0 0 0 0 0 0   0 0 0   1 5    0
      872553736   0 0 0 0 0 0 0 0 0 0 0 0   0 0 0   1 6    0
      872554176   0 0 0 0 0 0 0 0 0 0 0 0   0 0 0   1 7    0
      891560718   1 0 0 0 0 0 0 0 0 0 0 0   0 0 0   0 0    0
      897308468   0 0 0 0 0 0 0 0 0 0 0 1   0 0 0   0 0    0
      897308901   0 0 0 0 0 0 0 0 0 0 0 0   0 0 0   1 0  861
      897309341   0 0 0 0 0 0 0 0 0 0 0 0   0 0 0   1 1 1135
      897309781   0 0 0 0 0 0 0 0 0 0 0 0   0 0 0   1 2    0
      897310221   0 0 0 0 0 0 0 0 0 0 0 0   0 0 0   1 3    0
      897310661   0 0 0 0 0 0 0 0 0 0 0 0   0 0 0   1 4    0
      897311101   0 0 0 0 0 0 0 0 0 0 0 0   0 0 0   1 5    0
      897311541   0 0 0 0 0 0 0 0 0 0 0 0   0 0 0   1 6    0
      897311981   0 0 0 0 0 0 0 0 0 0 0 0   0 0 0   1 7    0
      910025674   0 0 0 0 0 0 0 0 0 0 0 1   0 0 0   0 0    0
      910026106   0 0 0 0 0 0 0 0 0 0 0 0   0 0 0   1 0  537
      910026546   0 0 0 0 0 0 0 0 0 0 0 0   0 0 0   1 1 1149
      910026986   0 0 0 0 0 0 0 0 0 0 0 0   0 0 0   1 2 1024
      910027426   0 0 0 0 0 0 0 0 0 0 0 0   0 0 0   1 3  861
      910027866   0 0 0 0 0 0 0 0 0 0 0 0   0 0 0   1 4  533
      910028306   0 0 0 0 0 0 0 0 0 0 0 0   0 0 0   1 5   37
      910028746   0 0 0 0 0 0 0 0 0 0 0 0   0 0 0   1 6    0
      910029186   0 0 0 0 0 0 0 0 0 0 0 0   0 0 0   1 7    0
      918612227   0 0 0 0 0 0 0 0 0 0 0 1   0 0 0   0 0    0
      918612656   0 0 0 0 0 0 0 0 0 0 0 0   0 0 0   1 0  632
      918613096   0 0 0 0 0 0 0 0 0 0 0 0   0 0 0   1 1 1416
      918613536   0 0 0 0 0 0 0 0 0 0 0 0   0 0 0   1 2 1265
      918613976   0 0 0 0 0 0 0 0 0 0 0 0   0 0 0   1 3 1108
      918614416   0 0 0 0 0 0 0 0 0 0 0 0   0 0 0   1 4  862
      918614856   0 0 0 0 0 0 0 0 0 0 0 0   0 0 0   1 5  191
      918615296   0 0 0 0 0 0 0 0 0 0 0 0   0 0 0   1 6    0
      918615736   0 0 0 0 0 0 0 0 0 0 0 0   0 0 0   1 7    0
      921862301   1 0 0 0 0 0 0 0 0 0 0 0   0 0 0   0 0    0
      928465313   0 0 0 0 0 0 0 0 0 0 0 1   0 0 0   0 0    0
      928465746   0 0 0 0 0 0 0 0 0 0 0 0   0 0 0   1 0  755
      928466186   0 0 0 0 0 0 0 0 0 0 0 0   0 0 0   1 1 1102
      928466626   0 0 0 0 0 0 0 0 0 0 0 0   0 0 0   1 2  970
      928467066   0 0 0 0 0 0 0 0 0 0 0 0   0 0 0   1 3  802
      928467506   0 0 0 0 0 0 0 0 0 0 0 0   0 0 0   1 4  496
      928467946   0 0 0 0 0 0 0 0 0 0 0 0   0 0 0   1 5   46
      928468386   0 0 0 0 0 0 0 0 0 0 0 0   0 0 0   1 6    0
      928468826   0 0 0 0 0 0 0 0 0 0 0 0   0 0 0   1 7    0
      936845947   0 0 0 0 0 0 0 0 0 0 0 1   0 0 0   0 0    0
      936845953   1 0 0 0 0 0 0 0 0 0 0 0   0 0 0   0 0    0
      936845986   0 0 1 0 0 0 0 0 0 0 0 0   0 0 0   0 0    0
      936846376   0 0 0 0 0 0 0 0 0 0 0 0   0 0 0   1 0  613
      936846816   0 0 0 0 0 0 0 0 0 0 0 0   0 0 0   1 1 1621
      936847256   0 0 0 0 0 0 0 0 0 0 0 0   0 0 0   1 2 1288
      936847696   0 0 0 0 0 0 0 0 0 0 0 0   0 0 0   1 3    3
      936848136   0 0 0 0 0 0 0 0 0 0 0 0   0 0 0   1 4    0
      936848576   0 0 0 0 0 0 0 0 0 0 0 0   0 0 0   1 5    0
      936849016   0 0 0 0 0 0 0 0 0 0 0 0   0 0 0   1 6    0
      936849456   0 0 0 0 0 0 0 0 0 0 0 0   0 0 0   1 7    0
      941248774   0 0 0 0 0 0 0 0 0 0 0 1   0 0 0   0 0    0
      941249206   0 0 0 0 0 0 0 0 0 0 0 0   0 0 0   1 0  459
      941249646   0 0 0 0 0 0 0 0 0 0 0 0   0 0 0   1 1  688
      941250086   0 0 0 0 0 0 0 0 0 0 0 0   0 0 0   1 2  171
      941250526   0 0 0 0 0 0 0 0 0 0 0 0   0 0 0   1 3    0
      941250966   0 0 0 0 0 0 0 0 0 0 0 0   0 0 0   1 4    0
      941251406   0 0 0 0 0 0 0 0 0 0 0 0   0 0 0   1 5    0
      941251846   0 0 0 0 0 0 0 0 0 0 0 0   0 0 0   1 6    0
      941252286   0 0 0 0 0 0 0 0 0 0 0 0   0 0 0   1 7    0
      946402748   0 0 0 0 0 0 0 0 0 0 0 1   0 0 0   0 0    0
      946403181   0 0 0 0 0 0 0 0 0 0 0 0   0 0 0   1 0 1087
      946403621   0 0 0 0 0 0 0 0 0 0 0 0   0 0 0   1 1 1795
      946404061   0 0 0 0 0 0 0 0 0 0 0 0   0 0 0   1 2 1526
      946404501   0 0 0 0 0 0 0 0 0 0 0 0   0 0 0   1 3  158
      946404941   0 0 0 0 0 0 0 0 0 0 0 0   0 0 0   1 4    0
      946405381   0 0 0 0 0 0 0 0 0 0 0 0   0 0 0   1 5    0
      946405821   0 0 0 0 0 0 0 0 0 0 0 0   0 0 0   1 6    0
      946406261   0 0 0 0 0 0 0 0 0 0 0 0   0 0 0   1 7    0
      950527961   0 0 0 0 0 0 0 0 0 0 0 1   0 0 0   0 0    0
      950528391   0 0 0 0 0 0 0 0 0 0 0 0   0 0 0   1 0   49
      950528831   0 0 0 0 0 0 0 0 0 0 0 0   0 0 0   1 1   71
      950529271   0 0 0 0 0 0 0 0 0 0 0 0   0 0 0   1 2   60
      950529711   0 0 0 0 0 0 0 0 0 0 0 0   0 0 0   1 3   51
      950530151   0 0 0 0 0 0 0 0 0 0 0 0   0 0 0   1 4   42
      950530591   0 0 0 0 0 0 0 0 0 0 0 0   0 0 0   1 5   35
      950531031   0 0 0 0 0 0 0 0 0 0 0 0   0 0 0   1 6   28
      950531471   0 0 0 0 0 0 0 0 0 0 0 0   0 0 0   1 7   22
      960852465   1 0 0 0 0 0 0 0 0 0 0 0   0 0 0   0 0    0
      972083410   0 0 0 0 0 0 0 0 0 0 0 1   0 0 0   0 0    0
      972083426   0 0 0 0 0 0 0 0 0 0 0 1   0 0 0   0 0    0
      972083841   0 0 0 0 0 0 0 0 0 0 0 0   0 0 0   1 0  744
      972084281   0 0 0 0 0 0 0 0 0 0 0 0   0 0 0   1 1 1573
      972084721   0 0 0 0 0 0 0 0 0 0 0 0   0 0 0   1 2 1403
      972085161   0 0 0 0 0 0 0 0 0 0 0 0   0 0 0   1 3 1191
      972085601   0 0 0 0 0 0 0 0 0 0 0 0   0 0 0   1 4  598
      972086041   0 0 0 0 0 0 0 0 0 0 0 0   0 0 0   1 5    0
      972086481   0 0 0 0 0 0 0 0 0 0 0 0   0 0 0   1 6    0
      972086921   0 0 0 0 0 0 0 0 0 0 0 0   0 0 0   1 7    0
      972715904   0 0 0 0 0 0 0 0 0 0 0 1   0 0 0   0 0    0
      972716336   0 0 0 0 0 0 0 0 0 0 0 0   0 0 0   1 0  347
      972716776   0 0 0 0 0 0 0 0 0 0 0 0   0 0 0   1 1  503
      972717216   0 0 0 0 0 0 0 0 0 0 0 0   0 0 0   1 2  426
      972717656   0 0 0 0 0 0 0 0 0 0 0 0   0 0 0   1 3  364
      972718096   0 0 0 0 0 0 0 0 0 0 0 0   0 0 0   1 4  311
      972718536   0 0 0 0 0 0 0 0 0 0 0 0   0 0 0   1 5  264
      972718976   0 0 0 0 0 0 0 0 0 0 0 0   0 0 0   1 6  221
      972719416   0 0 0 0 0 0 0 0 0 0 0 0   0 0 0   1 7  182
      978438250   0 0 0 0 0 0 0 0 0 0 0 1   0 0 0   0 0    0
      978438681   0 0 0 0 0 0 0 0 0 0 0 0   0 0 0   1 0  357
      978439121   0 0 0 0 0 0 0 0 0 0 0 0   0 0 0   1 1  592
      978439561   0 0 0 0 0 0 0 0 0 0 0 0   0 0 0   1 2  505
      978440001   0 0 0 0 0 0 0 0 0 0 0 0   0 0 0   1 3  406
      978440441   0 0 0 0 0 0 0 0 0 0 0 0   0 0 0   1 4  294
      978440881   0 0 0 0 0 0 0 0 0 0 0 0   0 0 0   1 5  174
      978441321   0 0 0 0 0 0 0 0 0 0 0 0   0 0 0   1 6   71
      978441761   0 0 0 0 0 0 0 0 0 0 0 0   0 0 0   1 7    8
      983536721   1 0 0 0 0 0 0 0 0 0 0 0   0 0 0   0 0    0
      993498129   0 0 0 0 0 0 0 0 0 0 0 1   0 0 0   0 0    0
      993498134   1 0 0 0 0 0 0 0 0 0 0 0   0 0 0   0 0    0
      993498145   0 0 0 0 0 0 0 0 0 0 0 1   0 0 0   0 0    0
      993498178   0 0 1 0 0 0 0 0 0 0 0 0   0 0 0   0 0    0
      993498561   0 0 0 0 0 0 0 0 0 0 0 0   0 0 0   1 0  805
      993499001   0 0 0 0 0 0 0 0 0 0 0 0   0 0 0   1 1 1454
      993499441   0 0 0 0 0 0 0 0 0 0 0 0   0 0 0   1 2  956
      993499881   0 0 0 0 0 0 0 0 0 0 0 0   0 0 0   1 3    0
      993500321   0 0 0 0 0 0 0 0 0 0 0 0   0 0 0   1 4    0
      993500761   0 0 0 0 0 0 0 0 0 0 0 0   0 0 0   1 5    0
      993501201   0 0 0 0 0 0 0 0 0 0 0 0   0 0 0   1 6    0
      993501641   0 0 0 0 0 0 0 0 0 0 0 0   0 0 0   1 7    0
      999719792   0 0 0 0 0 0 0 0 0 0 0 1   0 0 0   0 0    0
      999720221   0 0 0 0 0 0 0 0 0 0 0 0   0 0 0   1 0  200
      999720661   0 0 0 0 0 0 0 0 0 0 0 0   0 0 0   1 1  288
      999721101   0 0 0 0 0 0 0 0 0 0 0 0   0 0 0   1 2  255
      999721541   0 0 0 0 0 0 0 0 0 0 0 0   0 0 0   1 3  228
      999721981   0 0 0 0 0 0 0 0 0 0 0 0   0 0 0   1 4  206
      999722421   0 0 0 0 0 0 0 0 0 0 0 0   0 0 0   1 5  185
      999722861   0 0 0 0 0 0 0 0 0 0 0 0   0 0 0   1 6  166
      999723301   0 0 0 0 0 0 0 0 0 0 0 0   0 0 0   1 7  150
     1004678304   0 0 0 0 0 0 0 0 0 0 0 1   0 0 0   0 0    0
     1004678319   0 0 0 0 0 0 0 0 0 0 0 1   0 0 0   0 0    0
     1004678736   0 0 0 0 0 0 0 0 0 0 0 0   0 0 0   1 0  873
     1004679176   0 0 0 0 0 0 0 0 0 0 0 0   0 0 0   1 1 1883
     1004679616   0 0 0 0 0 0 0 0 0 0 0 0   0 0 0   1 2 1665
     1004680056   0 0 0 0 0 0 0 0 0 0 0 0   0 0 0   1 3 1223
     1004680496   0 0 0 0 0 0 0 0 0 0 0 0   0 0 0   1 4    0
     1004680936   0 0 0 0 0 0 0 0 0 0 0 0   0 0 0   1 5    0
     1004681376   0 0 0 0 0 0 0 0 0 0 0 0   0 0 0   1 6    0
     1004681816   0 0 0 0 0 0 0 0 0 0 0 0   0 0 0   1 7    0
     1017488910   0 0 0 0 0 0 0 0 0 0 0 1   0 0 0   0 0    0
     1017489341   0 0 0 0 0 0 0 0 0 0 0 0   0 0 0   1 0  131
     1017489781   0 0 0 0 0 0 0 0 0 0 0 0   0 0 0   1 1  183
     1017490221   0 0 0 0 0 0 0 0 0 0 0 0   0 0 0   1 2  155
     1017490661   0 0 0 0 0 0 0 0 0 0 0 0   0 0 0   1 3  131
     1017491101   0 0 0 0 0 0 0 0 0 0 0 0   0 0 0   1 4  108
     1017491541   0 0 0 0 0 0 0 0 0 0 0 0   0 0 0   1 5   86
     1017491981   0 0 0 0 0 0 0 0 0 0 0 0   0 0 0   1 6   66
     1017492421   0 0 0 0 0 0 0 0 0 0 0 0   0 0 0   1 7   48
     1029346914   0 0 0 0 0 0 0 0 0 0 0 1   0 0 0   0 0    0
     1029347346   0 0 0 0 0 0 0 0 0 0 0 0   0 0 0   1 0  311
     1029347786   0 0 0 0 0 0 0 0 0 0 0 0   0 0 0   1 1  398
     1029348226   0 0 0 0 0 0 0 0 0 0 0 0   0 0 0   1 2  145
     1029348666   0 0 0 0 0 0 0 0 0 0 0 0   0 0 0   1 3    6
     1029349106   0 0 0 0 0 0 0 0 0 0 0 0   0 0 0   1 4    0
     1029349546   0 0 0 0 0 0 0 0 0 0 0 0   0 0 0   1 5    0
     1029349986   0 0 0 0 0 0 0 0 0 0 0 0   0 0 0   1 6    0
     1029350426   0 0 0 0 0 0 0 0 0 0 0 0   0 0 0   1 7    0
     1031721427   0 0 0 0 0 0 0 0 0 0 0 1   0 0 0   0 0    0
     1031721856   0 0 0 0 0 0 0 0 0 0 0 0   0 0 0   1 0  611
     1031722296   0 0 0 0 0 0 0 0 0 0 0 0   0 0 0   1 1 1515
     1031722736   0 0 0 0 0 0 0 0 0 0 0 0   0 0 0   1 2 1307
     1031723176   0 0 0 0 0 0 0 0 0 0 0 0   0 0 0   1 3  690
     1031723616   0 0 0 0 0 0 0 0 0 0 0 0   0 0 0   1 4    0
     1031724056   0 0 0 0 0 0 0 0 0 0 0 0   0 0 0   1 5    0
     1031724496   0 0 0 0 0 0 0 0 0 0 0 0   0 0 0   1 6    0
     1031724936   0 0 0 0 0 0 0 0 0 0 0 0   0 0 0   1 7    0
     1034082946   0 0 0 0 0 0 0 0 0 0 0 1   0 0 0   0 0    0
     1034083376   0 0 0 0 0 0 0 0 0 0 0 0   0 0 0   1 0  137
     1034083816   0 0 0 0 0 0 0 0 0 0 0 0   0 0 0   1 1  207
     1034084256   0 0 0 0 0 0 0 0 0 0 0 0   0 0 0   1 2  173
     1034084696   0 0 0 0 0 0 0 0 0 0 0 0   0 0 0   1 3  142
     1034085136   0 0 0 0 0 0 0 0 0 0 0 0   0 0 0   1 4  116
     1034085576   0 0 0 0 0 0 0 0 0 0 0 0   0 0 0   1 5   93
     1034086016   0 0 0 0 0 0 0 0 0 0 0 0   0 0 0   1 6   72
     1034086456   0 0 0 0 0 0 0 0 0 0 0 0   0 0 0   1 7   53
     1035321905   0 0 0 0 0 0 0 0 0 0 0 1   0 0 0   0 0    0
     1035321922   0 0 0 0 0 0 0 0 0 0 0 1   0 0 0   0 0    0
     1035322336   0 0 0 0 0 0 0 0 0 0 0 0   0 0 0   1 0  893
     1035322776   0 0 0 0 0 0 0 0 0 0 0 0   0 0 0   1 1    0
     1035323216   0 0 0 0 0 0 0 0 0 0 0 0   0 0 0   1 2    0
     1035323656   0 0 0 0 0 0 0 0 0 0 0 0   0 0 0   1 3    0
     1035324096   0 0 0 0 0 0 0 0 0 0 0 0   0 0 0   1 4    0
     1035324536   0 0 0 0 0 0 0 0 0 0 0 0   0 0 0   1 5    0
     1035324976   0 0 0 0 0 0 0 0 0 0 0 0   0 0 0   1 6    0
     1035325416   0 0 0 0 0 0 0 0 0 0 0 0   0 0 0   1 7    0
     1046362265   0 0 0 0 0 0 0 0 0 0 0 1   0 0 0   0 0    0
     1046362696   0 0 0 0 0 0 0 0 0 0 0 0   0 0 0   1 0  444
     1046363136   0 0 0 0 0 0 0 0 0 0 0 0   0 0 0   1 1  976
     1046363576   0 0 0 0 0 0 0 0 0 0 0 0   0 0 0   1 2  874
     1046364016   0 0 0 0 0 0 0 0 0 0 0 0   0 0 0   1 3  771
     1046364456   0 0 0 0 0 0 0 0 0 0 0 0   0 0 0   1 4  645
     1046364896   0 0 0 0 0 0 0 0 0 0 0 0   0 0 0   1 5  474
     1046365336   0 0 0 0 0 0 0 0 0 0 0 0   0 0 0   1 6  228
     1046365776   0 0 0 0 0 0 0 0 0 0 0 0   0 0 0   1 7   32
     1061996809   0 0 0 0 0 0 0 0 0 0 0 1   0 0 0   0 0    0
     1061997241   0 0 0 0 0 0 0 0 0 0 0 0   0 0 0   1 0  650
     1061997681   0 0 0 0 0 0 0 0 0 0 0 0   0 0 0   1 1 1094
     1061998121   0 0 0 0 0 0 0 0 0 0 0 0   0 0 0   1 2  125
     1061998561   0 0 0 0 0 0 0 0 0 0 0 0   0 0 0   1 3    0
     1061999001   0 0 0 0 0 0 0 0 0 0 0 0   0 0 0   1 4    0
     1061999441   0 0 0 0 0 0 0 0 0 0 0 0   0 0 0   1 5    0
     1061999881   0 0 0 0 0 0 0 0 0 0 0 0   0 0 0   1 6    0
     1062000321   0 0 0 0 0 0 0 0 0 0 0 0   0 0 0   1 7    0
     1065504007   0 0 0 0 0 0 0 0 0 0 0 1   0 0 0   0 0    0
     1065504436   0 0 0 0 0 0 0 0 0 0 0 0   0 0 0   1 0  130
     1065504876   0 0 0 0 0 0 0 0 0 0 0 0   0 0 0   1 1  192
     1065505316   0 0 0 0 0 0 0 0 0 0 0 0   0 0 0   1 2  165
     1065505756   0 0 0 0 0 0 0 0 0 0 0 0   0 0 0   1 3  142
     1065506196   0 0 0 0 0 0 0 0 0 0 0 0   0 0 0   1 4  121
     1065506636   0 0 0 0 0 0 0 0 0 0 0 0   0 0 0   1 5  101
     1065507076   0 0 0 0 0 0 0 0 0 0 0 0   0 0 0   1 6   82
     1065507516   0 0 0 0 0 0 0 0 0 0 0 0   0 0 0   1 7   66
     1067139026   1 0 0 0 0 0 0 0 0 0 0 0   0 0 0   0 0    0
     1071164423   0 0 0 0 0 0 0 0 0 0 0 1   0 0 0   0 0    0
     1071164856   0 0 0 0 0 0 0 0 0 0 0 0   0 0 0   1 0  157
     1071165296   0 0 0 0 0 0 0 0 0 0 0 0   0 0 0   1 1  186
     1071165736   0 0 0 0 0 0 0 0 0 0 0 0   0 0 0   1 2  144
     1071166176   0 0 0 0 0 0 0 0 0 0 0 0   0 0 0   1 3  107
     1071166616   0 0 0 0 0 0 0 0 0 0 0 0   0 0 0   1 4   76
     1071167056   0 0 0 0 0 0 0 0 0 0 0 0   0 0 0   1 5   50
     1071167496   0 0 0 0 0 0 0 0 0 0 0 0   0 0 0   1 6   28
     1071167936   0 0 0 0 0 0 0 0 0 0 0 0   0 0 0   1 7   12
