0
0
0
0
0
0
0
0
0
0
0
0
0
0
0
0
0
0
0
0
0
0
0
0
0
0
0
0
0
0
0
0
0
0
0
0
0
0
0
0
0
0
0
0
0
0
0
0
0
0
0
0
0
0
0
0
0
0
0
0
0
0
0
0
0
0
0
1
1
0
0
0
1
0
0
2
1
1
7
4
5
4
1
7
6
3
4
7
8
9
10
13
6
6
12
18
23
31
34
51
197
944
2335
3120
3399
3100
2863
2713
2454
2186
2029
1887
1779
1740
1665
1729
1747
1941
1966
1987
1808
1720
1476
1443
1243
1144
1105
1159
1093
1095
1060
1052
1005
992
969
974
942
947
888
880
922
832
866
850
826
862
865
869
830
805
774
813
868
761
809
809
779
796
787
754
813
854
811
789
795
822
870
807
827
803
785
787
766
806
777
783
837
773
812
783
828
796
831
825
757
810
804
767
769
795
769
783
832
813
828
826
816
833
773
821
767
797
856
823
823
824
867
838
767
771
808
819
810
852
796
872
821
763
781
786
822
814
807
760
848
835
850
798
885
861
806
824
822
861
802
821
864
828
808
813
824
779
775
781
828
783
788
808
835
816
796
843
797
810
867
798
839
778
841
820
830
852
811
861
801
811
817
812
814
833
758
890
808
858
822
865
830
859
881
788
776
874
859
818
816
852
790
845
815
775
849
849
863
824
824
765
817
806
815
819
806
819
850
826
828
841
828
812
861
821
809
829
863
804
805
769
819
849
844
844
868
798
857
854
825
840
834
857
807
799
789
795
818
823
832
782
839
806
810
762
813
863
827
787
851
842
815
830
809
829
781
791
839
840
807
759
840
838
833
832
822
802
803
833
783
816
820
816
849
793
821
810
834
808
873
768
798
840
779
838
829
851
847
829
846
819
818
832
795
751
823
867
835
849
843
835
783
835
780
826
829
815
876
841
790
848
830
832
868
859
819
793
804
830
792
868
812
809
857
839
801
892
863
795
885
823
843
843
852
788
871
851
829
837
779
841
866
786
856
832
828
820
886
822
786
860
834
858
897
837
850
821
837
855
832
861
870
864
899
811
831
853
861
874
868
828
787
894
854
807
896
832
826
782
804
821
824
865
829
867
857
792
797
859
865
841
838
840
839
831
873
789
813
844
856
850
860
821
798
857
815
810
785
782
811
877
838
831
798
779
826
853
824
790
869
823
818
822
825
844
841
853
845
828
821
895
824
847
828
839
818
844
815
806
845
901
832
793
802
878
817
812
819
763
810
815
832
830
796
869
836
829
856
818
858
872
818
882
867
839
835
837
807
823
840
798
843
838
858
783
862
845
843
860
798
786
825
846
887
828
870
872
843
850
857
788
882
871
883
883
878
848
859
855
884
848
838
828
867
873
882
874
845
850
865
891
894
829
867
809
852
876
827
900
823
829
875
872
849
909
851
889
916
894
859
861
871
836
911
899
899
907
934
890
953
933
905
913
905
938
921
886
953
973
941
955
950
915
943
884
907
1035
965
953
1042
968
898
988
1004
1012
998
1035
1041
1040
1060
1022
1056
979
1056
1033
1046
1079
1096
1044
1095
1083
1136
1104
1122
1089
1104
1162
1087
1148
1102
1139
1126
1089
1142
1147
1127
1154
1172
1208
1194
1115
1192
1175
1109
1190
1159
1176
1128
1113
1227
1150
1187
1193
1260
1144
1181
1157
1244
1176
1158
1216
1176
1213
1200
1143
1176
1190
1263
1118
1197
1195
1154
1172
1165
1231
1207
1116
1188
1137
1199
1119
1208
1142
1125
1122
1139
1160
1180
1100
1141
1145
1174
1124
1156
1218
1164
1130
1137
1123
1076
1140
1068
1131
1066
1119
1138
1116
1118
1132
1082
1070
1053
1041
1159
1108
1061
1127
1106
1029
1080
1073
1098
1040
1014
1072
1072
1041
984
1080
1059
1079
1057
1026
1016
1087
1051
1080
1079
1057
1098
1023
1052
991
1003
1021
1020
965
989
994
1003
987
1098
1031
1007
1005
1003
1015
967
1021
1042
1023
969
982
995
1052
968
963
983
1025
1000
944
1004
937
991
915
1018
945
964
1000
968
950
978
909
970
965
938
993
931
969
1037
955
963
941
961
911
963
916
939
938
911
904
923
878
915
941
951
908
961
955
916
890
929
894
932
915
899
920
873
862
923
896
900
918
915
899
900
940
944
901
931
936
910
877
917
909
890
871
885
893
952
912
839
888
883
870
844
926
854
880
905
891
894
874
880
836
836
907
880
843
873
856
898
829
827
859
892
850
850
842
851
863
791
829
823
836
906
869
826
840
854
930
833
823
825
832
833
859
863
843
812
812
863
813
797
840
766
799
809
858
816
845
783
841
842
835
796
831
798
787
843
811
834
795
816
749
849
816
804
829
792
788
809
780
784
837
822
832
836
796
826
827
853
767
804
789
831
788
843
805
811
759
813
788
825
811
785
781
794
812
833
827
788
831
771
766
814
819
802
752
808
700
765
791
763
810
784
732
763
801
797
758
787
706
772
786
744
813
762
770
774
806
791
754
756
773
742
787
817
752
728
785
748
706
745
744
750
758
789
783
763
756
786
739
785
742
719
748
807
752
802
711
791
760
763
759
721
741
763
772
788
731
754
754
749
758
719
757
736
785
750
766
788
690
776
742
745
729
701
724
743
747
715
736
699
728
766
722
722
736
741
711
737
754
733
711
739
723
745
708
729
721
756
705
734
693
745
735
718
743
682
700
771
657
724
718
741
690
732
735
712
727
735
726
688
775
757
707
715
743
741
754
732
726
719
665
746
684
741
731
720
700
721
716
721
736
745
720
700
717
712
692
756
716
716
723
662
701
743
742
689
729
701
717
686
732
743
690
670
687
693
750
718
720
706
705
701
656
694
728
691
723
707
732
692
719
726
703
696
703
711
717
753
701
674
720
653
670
722
741
730
716
724
710
641
716
738
676
676
732
701
693
674
701
723
733
681
645
705
706
705
720
737
665
673
666
719
719
709
686
715
689
743
700
696
656
719
741
663
704
672
699
724
667
715
653
654
677
674
646
657
674
720
752
678
673
693
722
678
693
730
696
703
725
666
742
672
662
702
692
690
683
711
669
699
680
726
677
699
690
709
656
666
658
648
681
677
706
704
699
771
713
634
663
658
668
701
690
691
715
691
686
705
636
675
628
661
648
653
668
697
660
651
741
643
700
661
709
670
664
673
678
697
661
705
687
698
695
650
688
640
679
675
694
698
708
696
686
660
671
655
714
674
701
643
683
666
675
715
670
709
722
715
699
670
638
709
684
701
687
696
646
690
642
637
683
726
689
670
674
647
686
678
690
662
662
676
625
653
676
684
643
651
668
658
694
662
680
712
678
657
676
701
628
686
669
643
649
671
679
653
663
663
666
660
681
721
666
663
685
647
609
725
670
713
689
666
651
650
702
675
650
638
688
684
686
663
647
643
636
686
610
718
701
678
650
661
646
634
673
633
676
664
675
682
656
658
684
665
711
642
647
658
636
665
649
646
614
699
714
629
711
661
659
656
624
677
688
684
690
646
669
641
687
698
718
661
668
675
706
655
672
649
638
707
666
712
628
648
696
648
687
671
666
678
656
671
699
693
692
687
650
656
658
683
659
654
689
672
722
637
677
684
648
644
683
625
664
652
664
670
638
668
709
653
688
664
684
661
652
618
651
706
665
649
694
685
671
711
638
649
658
685
694
678
670
684
613
703
684
641
639
669
658
672
682
629
677
689
659
679
633
676
680
685
663
663
657
675
667
615
650
637
653
668
705
651
671
676
639
647
699
675
662
635
632
649
680
669
669
627
666
630
638
607
613
636
674
642
654
698
678
670
624
638
644
673
670
681
635
706
670
626
647
630
700
645
696
622
660
617
620
628
678
652
650
621
669
599
642
634
617
652
599
614
601
592
650
589
601
639
617
618
607
638
587
561
592
586
575
597
586
600
617
563
561
578
587
612
560
599
587
571
548
494
544
558
578
548
573
582
564
519
542
543
503
537
502
586
528
558
584
489
480
517
501
545
521
472
525
501
474
492
505
461
452
506
471
492
468
443
470
517
457
497
457
455
459
461
421
434
435
445
411
424
449
394
449
403
411
405
426
421
432
406
393
400
383
364
409
356
434
404
397
382
384
343
337
368
351
313
354
361
389
356
348
320
345
351
361
355
349
336
312
335
349
331
314
323
304
295
321
309
303
321
311
292
289
285
301
292
289
273
278
246
319
290
264
296
275
274
280
269
250
262
280
252
240
268
277
247
242
246
245
268
273
273
225
247
265
243
230
234
254
232
253
245
245
219
246
209
248
244
243
225
233
228
234
228
231
214
199
214
201
209
209
185
202
215
202
201
224
213
234
220
204
196
208
186
194
199
187
186
238
202
201
198
178
196
210
167
198
184
168
196
192
174
212
208
201
181
194
186
170
188
169
178
192
191
198
177
177
188
194
210
167
180
172
172
176
192
203
138
165
185
169
158
161
145
188
186
165
155
155
164
166
177
171
185
152
158
170
159
167
150
185
178
165
189
153
170
174
168
170
174
165
162
137
150
163
167
152
157
168
160
154
182
164
142
147
174
157
144
145
128
144
168
180
143
185
143
149
143
161
152
151
154
151
143
157
154
175
151
160
169
163
143
160
148
131
140
143
145
167
158
131
148
148
150
143
142
170
160
128
161
152
142
144
136
145
151
162
132
145
145
142
185
165
163
170
143
135
156
151
172
182
142
151
161
125
161
169
170
153
160
169
155
185
147
172
178
167
157
152
140
158
135
170
172
133
162
153
151
157
143
163
135
159
143
133
153
140
173
161
142
150
151
174
150
134
157
192
162
149
186
152
194
147
156
164
153
191
155
160
173
168
182
151
173
155
170
191
159
208
135
184
167
173
173
175
199
172
166
158
190
137
188
190
182
171
173
175
180
207
179
169
178
189
172
220
164
187
181
156
182
189
190
197
193
177
209
175
196
206
184
215
194
196
219
205
212
205
228
206
181
195
189
171
205
205
204
187
231
232
225
217
196
206
236
234
216
224
254
227
226
251
228
235
211
254
215
250
255
252
235
258
254
246
244
257
228
227
260
255
275
268
274
263
253
270
286
273
288
278
305
283
295
279
297
271
302
293
321
296
331
299
324
345
318
348
328
366
329
348
335
351
352
363
349
360
340
362
379
386
370
396
404
394
384
390
433
399
452
406
414
454
457
465
410
481
449
485
504
540
492
500
492
490
526
529
561
515
567
586
587
594
592
595
632
597
675
649
634
676
674
672
636
720
696
698
669
788
755
764
786
821
767
820
867
806
824
851
875
904
874
867
928
917
947
922
1001
1018
1008
1039
1041
1051
1138
1092
1189
1152
1192
1208
1167
1229
1244
1265
1281
1227
1341
1346
1366
1407
1362
1419
1446
1410
1484
1559
1544
1503
1561
1558
1643
1587
1655
1732
1675
1716
1718
1831
1767
1791
1858
1809
1878
1947
1923
1956
1963
2113
2046
2151
2179
2155
2198
2192
2231
2298
2273
2339
2379
2311
2349
2447
2453
2439
2516
2539
2613
2683
2690
2669
2748
2784
2758
2725
2794
2919
2788
2813
2866
3059
3021
2938
2988
3087
2994
3139
3223
3163
3066
3324
3274
3310
3310
3380
3425
3339
3389
3439
3496
3452
3553
3413
3404
3517
3672
3646
3659
3573
3730
3721
3666
3569
3725
3640
3794
3827
3764
3599
3783
3794
3834
3798
3839
3894
3765
3949
3902
3919
3945
3934
3912
3990
3977
4029
4038
3939
4000
4103
3914
3916
3956
4112
4061
4054
3945
4051
3989
3991
3944
4059
3982
4060
3900
3977
3930
3877
3974
3901
4036
3865
3900
3848
3848
3831
3833
3858
3856
3769
3738
3797
3725
3706
3625
3556
3560
3666
3713
3580
3566
3513
3414
3495
3495
3299
3341
3366
3311
3408
3290
3338
3241
3240
3202
3136
3189
3032
3080
3066
3050
3071
2923
2831
2848
2932
2771
2790
2883
2652
2723
2702
2613
2512
2450
2534
2544
2418
2348
2359
2334
2218
2208
2088
2322
2165
2128
2028
2067
1946
1996
2013
1926
1908
1897
1796
1799
1796
1735
1728
1696
1657
1674
1679
1538
1515
1480
1467
1502
1421
1415
1418
1343
1333
1280
1252
1268
1273
1174
1153
1130
1102
1081
1088
1065
973
972
1025
930
923
903
864
896
870
831
789
790
739
756
719
730
722
683
626
663
613
574
604
591
578
585
572
519
521
497
467
443
442
462
414
424
413
408
396
362
383
344
339
316
316
329
314
276
297
286
284
256
227
211
284
197
209
200
237
178
173
177
197
197
168
187
177
184
159
143
159
168
153
124
125
108
118
106
111
105
111
98
114
93
107
84
68
83
86
69
104
86
85
78
77
71
70
56
72
59
68
60
62
48
50
47
41
48
43
51
38
51
47
47
38
35
54
51
39
45
47
35
30
40
24
26
49
34
33
34
32
24
28
18
28
35
34
28
26
18
21
20
26
22
19
22
21
25
21
27
18
26
20
24
28
19
25
23
23
16
14
17
18
22
32
21
15
18
22
11
13
18
17
20
22
20
21
19
17
16
14
8
19
12
14
20
19
10
19
16
18
11
14
13
11
16
12
14
25
11
16
13
13
10
14
15
21
11
20
17
16
11
13
15
13
12
6
16
14
11
13
12
10
8
13
15
17
17
10
4
16
13
8
13
11
10
11
16
12
4
11
16
12
15
12
12
5
7
14
12
15
14
17
10
15
14
12
13
14
9
8
13
4
12
14
13
14
14
18
12
11
9
9
6
14
12
16
17
10
13
10
10
10
7
7
14
10
11
13
10
9
11
7
8
9
12
10
9
8
13
16
15
6
6
10
13
9
15
10
8
9
9
9
7
7
10
10
11
16
13
7
5
7
15
6
11
16
13
13
11
14
12
4
15
15
10
10
11
11
10
5
12
6
6
10
7
4
9
5
11
9
15
13
5
10
11
12
14
5
2
8
8
16
5
11
11
12
12
4
15
12
8
9
11
7
5
10
11
14
7
8
8
3
13
9
8
9
7
15
5
7
8
8
9
10
9
6
11
7
17
7
10
12
11
10
15
9
11
9
10
10
4
14
12
11
7
5
12
9
11
8
7
9
5
7
10
11
9
8
7
6
11
7
12
6
6
12
6
11
6
11
8
11
7
2
9
15
10
9
8
7
9
7
7
8
12
8
8
13
8
8
5
14
10
5
10
6
11
6
8
4
5
7
8
13
4
9
10
7
13
8
11
15
9
10
9
10
6
11
7
7
7
4
3
8
8
6
9
14
10
7
9
5
12
6
8
9
14
12
14
10
4
11
6
8
4
6
5
9
10
6
12
13
10
9
7
7
16
8
7
7
10
7
9
6
6
10
8
9
11
7
6
8
9
8
11
9
3
4
11
4
6
6
11
9
6
9
4
12
8
6
9
6
8
4
6
6
9
11
4
9
6
5
7
4
8
8
5
10
6
11
8
7
8
4
5
5
8
6
6
14
7
8
3
5
11
8
7
4
11
10
8
6
6
4
8
10
13
6
9
6
8
8
6
8
8
8
5
3
7
10
6
7
7
7
9
8
12
3
9
8
6
5
8
8
4
3
6
9
4
6
14
8
10
10
2
5
1
4
10
12
6
6
2
3
7
8
7
5
3
4
7
5
2
6
7
4
11
3
7
7
5
13
7
4
11
4
8
10
13
4
9
6
9
9
7
7
8
8
5
2
9
5
4
10
9
3
8
10
4
5
6
2
5
7
5
8
3
6
6
4
7
12
10
9
6
6
2
7
5
6
6
6
10
6
6
6
9
4
8
6
3
10
7
8
4
8
9
3
6
4
7
9
6
7
4
10
10
5
9
0
5
6
4
11
4
9
7
11
8
7
8
3
5
5
5
3
5
11
8
7
10
8
7
7
7
8
10
8
8
4
7
3
6
8
8
12
12
9
3
4
5
8
8
3
3
5
1
13
14
7
5
8
6
7
10
6
9
7
7
5
6
6
3
3
4
9
2
3
7
6
5
4
8
10
5
7
4
6
11
8
9
12
9
7
4
11
6
2
5
8
8
9
4
7
8
8
4
8
3
6
3
6
11
4
7
3
2
9
6
2
3
4
4
2
7
5
2
5
10
10
4
14
5
7
7
8
2
6
1
4
8
2
3
10
7
7
6
8
5
5
4
9
5
4
5
4
6
3
6
3
6
9
4
7
6
10
8
6
6
8
6
3
5
4
4
4
4
5
7
3
3
5
7
7
9
5
9
9
7
5
7
7
4
12
8
5
6
9
4
5
5
4
5
5
5
7
6
7
6
9
2
7
5
7
9
5
4
8
5
7
8
2
1
2
8
4
5
4
2
4
11
7
2
7
3
7
3
6
7
3
4
8
2
3
5
3
7
5
7
4
4
5
4
3
6
9
4
6
4
4
6
4
3
2
5
2
11
3
8
11
6
5
6
4
6
4
11
4
5
8
5
7
4
6
5
4
5
4
3
6
6
8
4
7
4
5
2
12
6
7
5
5
7
3
7
4
4
3
3
4
2
6
4
6
3
7
4
4
8
4
5
1
4
9
3
8
7
6
9
7
5
7
5
7
3
7
4
5
3
2
4
3
3
5
6
3
9
0
5
2
4
6
4
5
5
4
2
3
8
2
4
5
5
3
2
3
5
1
2
4
2
8
6
6
3
3
3
3
3
4
5
3
9
4
4
3
1
3
2
4
3
3
4
5
4
5
1
3
7
2
3
0
3
3
4
2
2
6
1
4
4
9
3
4
4
3
4
5
4
4
4
7
3
4
4
4
4
3
2
1
4
6
8
4
0
3
4
4
6
2
6
6
6
4
6
5
4
2
4
3
6
5
1
4
6
10
3
1
2
4
3
2
4
6
0
2
4
1
6
6
2
3
4
4
4
1
4
3
2
5
4
1
4
2
6
3
4
2
6
6
4
4
3
3
5
3
2
3
3
3
4
4
5
1
3
1
6
3
3
4
5
2
4
4
7
7
1
0
6
0
7
6
5
2
5
2
2
3
6
6
4
2
4
4
6
4
3
7
4
5
4
5
3
3
5
4
3
7
5
1
1
3
0
4
3
2
4
5
2
4
5
5
2
5
3
5
2
5
4
4
4
4
8
2
3
1
3
4
2
2
4
5
4
5
1
6
5
3
3
8
3
3
3
9
1
4
5
7
3
4
2
1
1
4
3
8
5
4
5
3
3
2
2
4
1
3
6
4
5
3
3
3
0
2
3
7
1
5
2
5
4
6
2
6
2
1
2
8
1
1
6
6
4
0
9
2
5
4
2
1
1
0
1
5
2
2
1
5
2
6
2
7
4
4
4
4
4
3
5
3
8
3
5
4
2
1
2
4
4
2
5
3
2
7
1
4
2
2
2
4
1
3
3
3
5
4
4
8
3
5
6
3
2
2
4
3
3
1
5
7
6
3
2
6
3
0
3
7
4
9
3
3
1
4
4
3
3
2
6
3
2
2
0
4
2
5
6
4
5
4
10
2
1
7
5
3
1
4
4
5
6
3
2
4
6
2
4
2
2
1
5
6
3
4
1
7
8
2
2
6
4
1
3
2
3
2
2
3
4
3
3
0
3
4
3
1
4
4
1
4
2
1
1
5
5
2
1
3
2
3
2
2
3
4
7
1
4
2
1
5
3
3
5
3
3
3
6
4
3
2
5
3
2
5
4
2
4
6
3
3
1
2
3
3
1
3
4
1
4
2
5
1
3
3
2
2
4
5
3
5
2
4
5
3
3
3
1
2
3
7
4
2
0
1
2
8
0
5
2
1
4
6
5
8
2
8
3
1
0
4
5
8
1
4
3
1
5
2
3
4
3
3
6
5
3
1
4
3
3
2
3
1
1
4
4
3
2
4
6
2
2
2
0
4
3
1
3
5
1
2
1
2
3
4
3
7
3
3
5
1
2
3
4
5
7
1
4
4
2
2
4
3
4
0
1
3
9
5
1
2
6
3
3
2
3
2
3
3
2
1
2
2
2
5
1
1
1
3
2
3
0
3
3
2
2
3
1
5
3
2
3
0
2
2
1
2
3
4
0
1
3
1
3
0
1
1
3
3
1
2
4
1
4
3
5
2
0
3
2
2
0
2
2
1
2
3
2
2
3
2
3
3
4
1
2
2
0
1
2
0
3
0
1
5
2
1
3
2
0
2
1
0
1
3
4
2
2
2
4
1
3
2
0
2
1
4
2
2
5
1
4
4
2
0
3
1
4
3
1
1
5
2
1
3
3
2
1
0
4
4
2
2
1
2
3
3
1
1
7
0
2
2
5
3
1
3
3
5
0
1
2
6
5
3
1
6
1
1
0
1
3
3
4
2
6
3
3
3
3
0
1
1
4
2
1
2
5
1
2
2
3
3
4
4
2
3
1
2
2
4
3
2
2
3
1
4
5
5
4
3
3
3
4
3
3
1
1
1
2
3
1
1
2
3
1
1
4
2
1
1
2
2
3
10
0
4
2
3
5
4
2
1
2
5
0
1
3
4
2
3
5
5
3
1
2
2
2
1
1
2
2
3
0
2
0
2
2
1
3
6
2
1
2
1
0
4
2
0
2
1
3
4
5
3
2
0
1
1
1
1
4
2
6
1
2
3
5
2
3
4
0
5
3
4
1
3
3
1
1
1
1
5
4
5
2
2
1
2
2
0
3
1
9
1
1
2
0
1
0
1
3
2
1
3
1
4
4
4
3
1
0
2
5
3
2
5
3
2
4
5
2
2
3
3
1
1
0
1
2
4
1
5
1
3
1
2
1
1
6
3
4
3
2
1
6
4
2
2
2
4
6
3
4
2
0
1
3
2
1
1
5
0
1
0
3
3
2
3
1
2
1
2
2
3
2
2
2
1
3
0
3
2
4
5
2
6
2
2
5
3
1
3
3
3
1
2
0
1
1
7
2
6
5
2
7
2
1
4
1
3
1
6
4
4
2
1
3
3
2
0
2
4
5
4
1
0
6
0
2
5
1
3
3
4
1
3
3
3
3
1
4
3
6
5
2
1
3
4
1
6
1
1
1
3
3
2
2
4
1
3
2
0
0
0
1
1
3
3
1
6
2
2
1
2
1
2
7
5
0
4
2
2
1
1
0
3
0
0
2
1
0
2
2
5
2
1
2
7
1
3
2
0
1
2
2
3
1
8
4
3
4
1
2
2
2
2
2
4
7
0
9
1
3
3
2
2
2
2
3
1
2
1
2
0
5
4
1
1
3
6
2
2
3
5
4
2
1
2
1
1
2
3
2
2
2
0
0
3
5
2
2
3
0
3
2
2
1
3
4
1
0
0
1
3
4
3
3
2
3
3
2
5
3
0
2
4
1
2
2
2
1
5
3
7
1
3
0
1
1
2
4
4
1
3
1
0
3
2
1
0
4
1
2
5
0
1
4
2
5
3
2
2
1
1
1
1
0
0
2
3
0
2
1
3
0
5
4
3
2
1
1
1
0
2
3
3
1
2
1
0
0
0
1
2
2
3
3
2
0
2
1
1
5
2
1
1
2
3
1
3
2
0
2
4
0
1
1
2
2
0
1
1
3
0
0
0
0
3
2
1
2
2
0
3
1
2
0
0
1
3
0
2
2
2
0
0
0
3
1
1
1
0
2
1
0
1
5
0
2
2
0
2
2
3
4
1
1
4
3
2
1
1
1
2
2
1
1
1
3
4
0
1
0
1
1
2
1
3
1
2
2
2
2
1
4
1
0
0
0
2
1
3
0
1
1
1
2
1
2
1
0
0
1
2
2
2
2
1
2
2
1
5
1
1
1
0
1
2
2
1
2
3
4
0
0
2
0
0
2
1
2
1
1
1
1
3
3
1
3
2
3
0
1
1
3
0
2
0
2
0
2
1
2
2
1
2
1
0
4
2
0
2
0
2
0
1
2
3
1
6
2
2
1
2
0
3
1
2
2
2
3
1
2
1
2
4
5
0
2
0
0
1
3
3
2
4
2
3
2
0
2
3
5
0
2
2
1
0
3
4
4
2
1
3
3
1
4
2
2
1
3
0
4
0
4
2
3
0
1
1
3
2
4
1
1
3
1
5
1
0
2
3
4
0
1
2
3
1
0
0
2
5
2
1
2
1
2
0
2
2
1
2
5
2
1
1
1
2
4
1
3
1
2
1
2
1
3
2
2
1
2
2
0
0
4
5
0
2
2
0
1
1
2
1
1
4
2
0
5
0
0
2
5
1
1
2
5
6
6
5
3
3
3
1
0
1
3
2
2
0
3
0
1
1
3
1
1
0
3
0
1
5
2
1
0
2
0
5
2
4
3
4
2
3
3
3
0
0
2
1
0
6
4
1
1
1
6
3
1
2
2
1
2
3
0
0
1
2
1
3
4
4
2
2
2
1
1
1
2
4
1
2
0
1
2
1
3
1
3
0
2
2
1
3
3
0
0
0
0
2
1
1
2
0
2
2
1
0
2
0
1
0
1
1
2
3
1
0
0
2
2
2
4
2
2
0
3
0
0
0
1
0
2
1
0
2
0
1
1
0
1
0
0
2
0
1
1
3
1
2
0
1
3
1
3
0
0
0
0
0
0
2
0
1
2
1
1
0
1
0
3
1
0
0
0
0
1
0
0
0
0
1
0
0
1
1
0
1
0
0
1
0
3
0
1
2
1
0
1
1
2
0
1
1
2
2
0
0
0
0
2
0
1
0
0
0
0
0
0
0
1
0
0
1
0
0
0
1
1
2
0
0
0
1
1
0
1
1
0
1
2
0
2
1
1
0
0
0
0
0
0
0
0
0
0
0
0
0
1
1
0
0
0
0
0
1
2
0
0
0
3
0
0
0
0
0
0
1
0
3
0
0
0
1
0
0
1
1
1
1
0
0
1
0
0
0
0
0
1
1
0
2
1
0
0
1
0
0
0
0
1
1
0
0
0
0
0
1
0
1
2
0
2
0
1
1
1
0
0
0
0
1
0
0
0
2
0
1
0
0
1
0
0
0
0
1
0
1
2
0
0
0
0
0
0
1
1
0
1
0
0
1
2
0
1
2
0
0
0
1
1
0
0
0
0
1
0
2
0
2
1
0
0
0
1
0
0
0
1
0
0
0
1
0
0
2
0
0
0
0
0
0
0
0
0
3
1
0
0
1
0
0
0
0
1
1
1
0
0
2
0
0
0
0
0
0
0
0
0
1
1
1
0
0
1
0
0
0
0
0
0
0
1
0
1
1
0
0
0
0
1
2
1
0
0
0
4
0
1
0
1
0
0
0
0
0
0
0
0
0
0
0
0
0
1
0
1
0
0
2
0
1
0
0
0
0
0
1
0
1
0
2
0
0
0
0
0
0
0
0
1
1
0
0
1
0
0
2
0
2
0
0
0
0
0
0
0
0
0
0
0
0
0
1
2
0
0
0
0
0
0
0
1
0
0
0
1
0
0
0
0
0
0
0
0
0
0
0
1
0
0
2
0
1
0
0
0
3
0
0
1
1
1
1
1
0
1
0
0
1
0
0
0
1
0
0
0
0
0
0
1
0
0
1
1
1
0
1
0
1
0
0
0
0
0
0
1
0
0
1
0
0
0
1
0
0
0
0
0
0
0
0
0
0
1
0
0
0
0
1
0
1
0
0
0
0
1
0
0
1
0
0
0
1
1
0
0
1
0
1
1
0
0
1
1
0
0
0
1
0
0
1
1
0
1
0
1
0
1
0
1
0
0
0
1
0
0
0
0
0
0
1
1
0
0
0
1
0
0
0
1
0
0
0
0
0
1
0
1
0
2
0
0
0
0
0
0
0
0
0
1
0
0
0
0
1
1
2
1
1
0
1
2
1
0
0
0
0
0
0
1
0
0
0
1
0
0
0
1
0
0
0
0
0
0
0
0
1
0
0
0
1
1
0
0
0
0
0
1
0
0
0
0
1
0
0
0
0
0
1
0
0
0
0
1
1
0
0
1
0
0
0
0
1
0
0
0
0
0
0
0
0
1
1
0
0
0
0
0
0
1
1
0
0
0
0
0
0
0
0
1
0
1
0
0
0
2
0
0
0
0
0
0
0
1
0
0
0
0
0
0
0
0
1
0
0
1
0
0
0
0
0
0
0
0
0
0
0
1
0
0
0
1
0
1
1
0
1
0
0
0
0
2
1
0
0
0
0
2
0
0
0
0
2
0
1
0
0
1
2
0
0
1
0
2
0
0
0
0
0
0
1
1
0
0
0
0
0
0
0
0
0
1
0
1
1
0
0
0
0
1
0
0
1
0
1
0
0
1
0
1
1
0
0
0
0
0
0
0
0
0
0
0
0
0
1
0
0
0
0
0
0
0
0
0
1
0
0
1
0
2
0
0
0
1
1
0
0
0
1
0
0
0
0
1
0
0
0
0
0
1
0
0
0
0
0
1
1
0
0
0
0
0
1
0
1
2
0
0
0
0
0
0
0
0
0
1
0
0
1
0
0
1
0
0
0
1
0
0
0
0
0
0
0
0
0
0
0
0
0
0
0
0
0
1
1
0
0
0
0
0
0
0
1
0
0
1
1
1
1
0
0
0
1
1
0
0
1
0
0
0
0
0
0
0
0
0
0
0
0
0
0
0
0
0
0
0
0
0
1
1
1
0
0
0
0
0
0
0
0
0
2
0
0
0
2
0
0
1
2
1
1
0
0
0
1
0
0
0
0
0
0
1
1
0
0
1
0
0
0
1
0
0
0
0
0
2
0
0
0
0
0
0
0
0
0
0
1
0
0
0
0
1
0
0
0
0
1
1
2
0
1
0
0
1
0
0
0
0
1
0
0
0
1
1
0
0
1
0
0
0
1
0
1
1
0
1
0
1
0
0
0
0
0
0
0
0
0
0
0
0
0
1
1
0
1
0
0
0
1
0
0
0
0
0
1
0
1
0
0
1
0
0
0
0
0
0
0
1
0
0
0
0
0
0
0
1
0
0
0
0
1
1
0
0
1
0
0
1
1
0
1
0
1
0
0
0
0
0
0
0
0
0
0
1
2
1
0
0
0
0
1
1
0
1
0
0
0
0
0
0
0
0
0
0
0
0
1
0
1
0
0
0
0
0
0
0
0
0
0
0
1
0
0
0
1
0
0
0
1
1
0
0
0
1
0
0
0
0
0
0
0
0
2
0
1
0
0
0
0
0
1
0
0
0
0
0
0
0
0
0
0
1
0
1
0
0
0
0
0
0
0
0
0
0
0
0
0
1
0
0
0
1
0
0
0
0
1
0
0
0
0
0
0
0
0
0
0
0
0
0
0
0
0
0
0
0
0
0
1
1
0
1
0
0
0
0
0
0
0
0
1
0
1
0
1
0
0
0
0
0
0
0
1
0
1
1
0
1
1
1
0
1
1
0
0
0
0
0
0
0
0
1
0
1
0
0
0
0
0
1
1
0
1
0
0
0
0
0
0
0
0
1
1
0
0
0
0
0
0
1
1
0
0
0
0
0
0
1
0
0
0
1
0
0
0
0
0
0
1
0
0
0
0
0
0
0
1
0
0
0
0
0
0
1
0
0
0
0
0
1
0
0
0
0
0
0
1
0
0
0
0
0
0
0
1
0
0
0
0
0
0
0
0
0
0
1
0
0
1
0
1
0
0
0
0
0
0
0
0
0
0
0
0
0
2
0
1
0
0
0
0
0
0
0
0
0
0
0
0
0
0
0
0
0
1
0
1
0
0
0
1
0
0
0
0
1
0
0
0
0
2
1
0
0
0
0
0
0
0
1
0
0
0
0
0
0
0
0
0
0
0
1
0
0
0
0
0
0
1
0
1
0
0
0
1
0
0
0
1
0
0
0
0
0
0
0
0
0
0
0
0
0
0
0
0
0
0
0
1
2
0
0
1
0
0
0
1
0
0
1
0
0
0
0
0
0
0
0
0
0
1
0
0
0
0
0
0
0
1
0
0
0
0
0
1
0
0
0
0
0
0
0
0
0
0
0
0
0
0
1
0
0
0
0
1
0
0
0
0
0
0
0
0
0
0
0
0
0
0
0
1
1
0
0
0
0
1
0
0
0
0
0
1
1
0
0
0
1
0
0
0
1
1
0
0
0
1
0
0
0
0
0
0
0
0
0
0
0
0
0
0
0
2
0
0
0
0
0
0
0
0
1
0
0
1
1
0
0
0
0
0
0
0
0
1
2
0
0
0
0
0
0
0
0
0
0
0
0
0
0
0
0
0
0
0
0
0
1
1
0
0
0
0
1
0
0
0
1
1
0
0
0
0
0
0
0
0
1
0
1
1
0
0
0
0
0
0
0
0
0
0
0
0
0
0
0
0
0
0
0
0
0
0
0
0
0
0
0
0
0
0
0
0
0
0
1
0
1
0
0
0
0
0
1
0
1
0
1
2
0
0
0
0
1
0
0
0
0
0
0
0
1
0
0
0
0
0
0
0
2
0
0
0
0
0
0
0
0
0
0
0
0
0
0
0
0
1
0
1
0
0
0
0
0
0
0
0
0
0
0
2
0
0
0
0
0
1
0
0
0
0
0
0
0
0
0
0
0
0
0
0
0
0
0
0
1
1
0
0
1
0
1
0
0
0
0
0
0
0
1
0
0
0
1
0
1
0
0
1
0
0
0
0
0
0
0
0
0
1
1
0
0
0
0
0
0
0
1
1
0
2
0
1
0
0
0
0
0
0
0
0
0
0
0
0
0
0
0
0
0
0
0
0
0
0
0
1
2
0
1
0
0
0
0
0
0
0
0
1
0
2
0
0
0
0
0
0
0
0
0
0
0
0
0
0
1
1
0
2
0
0
1
0
0
0
0
0
0
0
0
0
0
1
0
0
0
0
2
0
1
0
0
0
0
0
0
0
0
1
0
2
0
0
0
1
0
0
0
0
0
0
0
0
0
0
0
0
0
0
1
0
0
0
0
1
0
0
0
0
0
0
0
0
0
0
0
1
1
1
0
0
0
0
2
0
0
0
0
1
0
0
0
0
0
0
1
0
0
0
0
1
0
1
0
0
1
0
0
0
0
0
1
0
0
0
0
0
0
0
0
0
0
0
0
0
0
0
1
0
0
0
0
1
0
0
0
0
0
1
0
2
0
0
0
0
0
0
0
1
0
0
0
1
0
0
0
0
0
0
0
0
0
0
1
0
0
0
0
0
0
0
0
0
0
0
1
1
0
0
0
0
0
0
0
0
1
0
0
0
0
0
0
0
0
0
0
0
0
0
0
0
1
0
0
0
1
0
0
0
0
0
0
0
1
0
0
1
0
0
0
0
1
0
0
0
0
0
1
0
1
2
0
0
0
0
0
0
0
0
0
0
2
0
0
0
0
0
0
0
0
0
1
1
0
0
0
1
1
0
0
0
0
0
0
0
1
0
1
0
0
0
0
1
0
0
0
0
0
1
0
0
0
0
1
0
2
0
0
0
1
0
0
0
0
0
0
0
0
0
1
0
0
0
1
0
0
0
0
0
0
0
1
0
0
2
0
0
0
0
0
0
0
0
0
0
0
0
1
0
0
0
0
0
0
0
0
0
1
0
0
0
0
0
0
0
0
0
0
0
1
0
0
0
0
0
1
0
0
0
0
0
0
0
1
0
1
0
0
0
1
0
0
0
1
1
0
0
0
0
0
0
0
1
0
0
0
0
0
0
0
0
0
0
0
0
0
0
1
0
0
0
0
1
1
1
0
0
0
0
0
1
0
0
0
0
1
0
0
0
1
1
0
0
0
0
0
0
0
1
0
0
0
0
1
1
0
0
0
0
0
0
0
0
1
0
0
1
0
0
0
1
0
0
0
0
1
0
0
0
0
0
0
1
0
2
0
0
0
0
0
0
0
0
0
0
0
0
1
0
0
0
0
1
3
0
0
0
1
0
0
0
0
1
0
0
0
0
1
0
0
0
0
0
0
0
0
0
0
2
0
0
0
0
0
1
1
0
0
0
0
0
0
0
1
0
0
0
0
0
0
0
0
0
0
0
0
0
0
0
0
0
0
0
0
0
0
0
0
0
0
0
0
0
2
0
0
0
1
0
0
0
0
0
0
0
0
0
0
0
0
0
0
0
0
0
0
0
0
1
0
0
0
0
1
0
1
0
0
0
0
0
0
0
0
0
0
0
0
0
0
0
0
0
0
0
1
0
0
0
0
1
0
0
0
0
0
0
3
0
0
0
1
0
0
0
0
1
1
0
0
0
0
0
0
0
0
0
0
0
0
0
0
0
0
0
0
0
0
0
0
0
1
0
0
0
0
0
0
0
1
0
0
0
0
0
0
0
0
0
1
0
0
0
0
0
0
0
0
0
0
0
0
0
0
0
0
0
0
0
0
0
0
0
0
0
0
0
0
0
0
0
0
0
0
0
0
0
0
1
0
0
0
0
0
2
0
0
0
1
0
0
0
0
0
0
0
0
0
0
0
0
0
0
0
0
1
1
0
0
0
0
1
0
0
1
0
0
0
0
1
0
0
0
0
0
1
1
0
0
0
1
0
0
0
0
0
0
0
0
0
0
0
0
0
0
0
0
0
0
1
1
0
0
1
0
0
1
0
0
0
0
0
0
0
0
0
1
0
0
1
0
0
2
0
0
2
0
0
1
0
0
0
0
0
0
0
0
0
0
0
0
0
0
0
0
0
0
0
0
1
1
0
0
5
8
1
5
9
3
2
4
2
7
5
2
4
4
6
7
3
3
6
4
6
3
1
4
6
7
4
5
3
7
9
5
2
7
2
4
5
4
6
3
2
6
4
4
4
1
5
3
3
1
0
4
3
1
7
1
3
4
10
5
3
6
9
6
4
4
5
5
5
2
5
7
3
3
7
8
3
8
5
4
7
3
2
8
4
4
8
2
9
8
5
7
5
8
7
6
7
5
3
2
4
0
4
3
8
7
4
5
5
3
6
3
3
1
8
2
6
5
3
5
7
1
3
5
3
3
2
2
