0
0
0
0
0
0
0
0
0
0
0
0
0
0
0
0
0
0
0
0
0
0
0
0
0
0
0
0
0
0
0
0
0
0
0
0
0
0
0
0
0
0
0
0
0
0
0
0
0
0
0
0
0
0
0
0
0
0
0
0
0
0
0
0
0
1
0
0
0
0
0
0
1
1
0
2
0
2
3
2
2
4
2
1
0
2
3
0
5
3
5
2
4
3
4
1
2
8
8
12
21
73
281
760
1190
1351
1302
1268
1219
1101
1006
962
900
904
960
919
995
935
959
1010
963
900
759
717
698
619
603
580
581
595
575
535
492
517
505
497
499
435
455
432
420
428
447
364
376
377
379
381
351
313
332
330
362
305
307
352
310
288
324
342
299
329
334
312
329
316
300
315
312
291
314
309
317
291
319
301
299
302
297
326
340
306
317
319
334
295
311
329
320
321
335
294
323
287
284
348
327
351
301
319
322
294
330
344
324
325
336
334
316
269
314
311
338
306
310
305
311
291
326
300
330
324
314
331
301
312
335
314
308
317
316
317
339
366
322
343
327
359
305
330
369
327
320
313
303
321
295
346
315
307
306
303
288
349
325
310
323
325
310
315
348
313
322
353
330
295
335
305
315
342
331
310
316
341
356
353
302
345
325
360
324
316
309
323
331
308
310
361
343
320
344
373
335
324
327
361
321
349
315
337
307
331
341
330
320
329
334
347
338
342
360
349
330
320
328
356
355
325
303
323
333
332
297
315
356
355
321
346
345
292
360
331
317
316
302
316
340
350
326
263
324
341
333
330
344
303
302
321
359
309
292
303
339
323
308
304
360
374
344
345
309
320
327
306
318
316
323
341
327
329
362
322
305
299
340
320
324
336
332
321
314
321
326
346
333
297
347
343
307
335
338
320
344
305
324
308
331
334
322
317
347
314
355
332
352
311
329
329
328
335
318
338
356
341
311
324
325
336
332
325
326
363
318
335
369
350
319
329
324
337
323
342
347
347
351
355
346
359
366
337
336
307
295
296
342
334
355
313
321
325
332
327
335
333
332
353
386
290
319
370
325
329
330
355
319
329
324
350
321
346
339
296
328
335
291
363
334
335
366
361
320
354
352
327
324
362
364
302
324
341
338
340
361
352
348
344
375
335
330
364
341
325
329
311
329
328
345
348
308
334
343
345
372
344
322
332
352
320
364
337
329
320
337
344
330
365
331
338
323
324
335
336
319
353
360
325
337
341
344
344
337
352
295
334
343
347
337
346
329
377
351
311
362
317
350
361
325
326
307
335
318
331
358
317
331
323
313
345
321
362
326
334
325
351
344
350
293
339
346
333
339
341
367
336
324
352
356
319
374
309
349
346
315
372
315
355
343
360
387
359
326
342
331
357
364
332
332
366
341
355
342
334
362
360
347
345
361
339
352
374
358
380
360
349
371
358
382
372
325
347
342
341
337
368
322
329
379
371
372
331
354
348
372
339
350
347
358
368
374
359
338
358
347
351
415
379
363
349
370
350
385
423
397
371
385
345
348
382
422
370
363
336
389
383
370
414
405
388
400
419
362
418
437
415
392
385
404
444
412
398
360
375
426
415
430
462
440
427
413
433
454
478
496
419
440
445
426
429
445
418
454
436
415
502
468
463
486
482
486
458
512
437
461
494
507
494
474
521
525
483
498
465
481
523
499
459
506
532
486
512
526
532
553
535
480
480
534
474
514
533
532
547
544
564
535
526
522
491
523
461
518
470
510
496
492
516
543
540
519
544
489
507
517
497
527
508
483
505
517
534
513
479
501
466
492
533
539
511
471
495
493
530
505
506
508
504
491
510
496
495
499
460
483
505
485
447
478
468
442
492
461
507
452
466
437
482
434
404
439
424
482
417
449
467
443
437
425
404
438
459
446
447
412
428
427
433
461
433
409
402
394
436
425
400
428
423
455
421
419
399
376
368
428
381
440
418
386
391
374
413
410
397
406
373
399
366
441
368
395
387
407
402
380
379
432
422
385
361
400
381
392
374
413
374
386
369
391
352
401
364
362
370
374
379
390
344
373
327
360
366
364
334
368
361
398
376
357
345
388
360
369
391
351
360
344
372
331
354
378
380
411
391
350
379
345
365
387
371
351
344
360
372
355
357
338
343
343
385
367
406
323
364
329
355
342
349
354
361
368
385
318
348
362
369
358
324
368
350
343
319
332
319
344
332
345
325
333
346
334
312
341
314
353
317
316
335
354
292
334
313
337
337
316
323
350
340
339
300
341
348
292
350
330
376
282
344
326
338
289
309
328
339
316
331
300
316
330
329
307
301
300
298
322
310
337
290
310
299
334
308
332
355
306
321
311
313
308
300
314
326
337
277
340
306
315
319
341
329
298
302
318
321
292
318
309
302
321
307
299
286
311
321
276
303
355
342
314
305
299
331
306
320
318
329
288
313
319
280
284
280
294
309
300
300
294
303
324
304
300
300
316
321
285
322
337
331
270
298
324
296
298
295
291
278
306
298
299
334
295
285
285
302
299
290
290
300
296
293
293
299
268
282
287
323
286
272
277
310
306
282
268
318
292
310
283
297
282
319
320
291
326
310
279
284
296
307
294
283
290
322
265
302
292
314
276
304
287
261
281
293
295
277
303
272
273
285
273
304
302
271
244
291
284
275
290
305
304
281
248
293
265
297
279
309
240
287
340
291
296
272
300
309
246
293
277
266
285
302
301
275
282
293
271
285
303
265
268
298
281
297
266
278
253
281
267
264
274
261
268
262
274
303
255
277
278
282
267
283
285
302
299
303
301
287
300
271
251
281
273
284
264
250
276
258
287
266
288
283
287
289
302
265
273
276
254
268
288
249
286
273
254
272
275
295
275
259
259
260
241
246
278
268
246
270
280
288
287
265
276
270
282
278
297
267
244
255
260
253
280
269
276
234
272
287
278
277
244
259
298
271
274
280
301
263
282
263
264
264
316
295
262
256
266
273
256
271
263
267
273
271
250
280
254
269
252
254
281
272
263
287
283
262
275
256
260
248
243
219
283
261
254
247
275
260
291
268
292
258
267
265
269
251
271
279
300
281
247
268
288
260
304
259
246
253
268
255
249
301
264
257
245
280
291
282
282
256
270
239
280
291
303
252
276
286
227
260
239
284
266
232
258
284
281
276
280
289
287
273
242
254
247
242
281
322
278
261
276
262
260
267
259
271
243
271
268
268
259
295
263
265
283
265
265
285
260
283
252
241
276
243
254
281
262
274
232
266
242
275
249
282
276
275
258
276
280
257
292
271
260
282
252
255
267
229
258
235
272
275
236
249
245
257
253
235
250
243
269
271
265
254
294
277
295
265
249
252
260
279
261
252
260
253
266
236
232
278
257
258
256
229
287
286
236
256
259
271
249
254
258
243
286
249
252
281
284
287
245
276
273
279
272
297
261
250
256
244
288
262
274
245
250
257
282
260
281
265
255
265
275
260
283
236
246
244
266
237
254
279
281
268
300
269
277
297
280
262
258
253
228
288
278
251
247
268
271
246
251
292
277
243
242
237
262
244
264
269
228
243
260
277
266
253
258
246
273
244
267
251
259
248
287
264
279
274
259
275
235
263
266
277
263
283
251
252
243
264
250
270
249
247
284
283
269
235
271
240
248
230
249
290
248
230
260
276
240
270
256
293
238
229
285
290
259
243
231
247
269
258
240
250
243
248
260
232
248
261
261
272
282
282
236
259
252
261
270
247
256
264
230
258
255
262
245
249
251
278
259
241
276
270
271
254
254
235
260
239
253
253
275
226
257
278
284
262
276
290
245
276
266
260
250
284
223
274
259
253
248
256
268
261
232
271
221
252
231
274
285
244
269
256
273
242
274
263
239
247
256
235
259
246
251
239
241
246
259
252
229
261
225
261
209
250
254
244
255
241
244
267
242
234
272
240
219
210
280
245
232
254
253
209
271
254
236
240
231
237
244
258
240
205
248
203
211
232
224
243
228
233
227
252
238
228
195
202
205
244
238
210
217
219
217
211
229
208
206
215
229
220
237
206
209
200
225
223
245
218
193
199
230
189
192
203
197
225
197
173
168
210
182
170
180
206
195
179
227
199
180
189
198
202
183
177
195
185
191
180
175
188
170
165
163
196
165
167
151
167
185
200
149
156
170
180
158
153
159
163
157
148
157
162
138
125
162
170
155
155
149
166
152
133
126
134
121
148
169
148
116
146
138
117
121
128
122
128
127
137
146
116
124
124
129
117
123
146
141
109
119
126
111
114
118
112
127
144
104
124
98
100
107
123
109
83
111
87
122
106
94
117
126
83
118
109
114
97
98
95
104
110
102
99
117
100
114
97
99
97
109
77
102
79
77
113
83
96
80
83
83
82
96
72
85
80
86
76
82
87
84
74
80
83
103
82
91
71
108
83
64
70
97
95
90
81
75
73
79
91
81
77
71
88
76
92
82
80
80
86
82
73
79
74
63
91
75
71
79
74
70
79
75
77
66
67
67
77
79
69
58
59
78
61
78
77
75
82
79
79
61
65
77
72
77
58
79
68
53
53
60
77
67
66
53
64
60
68
64
61
76
61
72
69
50
74
65
69
60
68
72
63
60
73
72
68
56
70
61
65
74
56
55
60
64
65
68
61
58
66
64
55
65
54
65
68
58
59
55
63
45
75
56
66
65
56
58
58
52
60
53
52
63
80
62
65
77
62
41
62
60
70
70
59
63
69
65
54
79
50
62
59
60
65
56
49
52
63
44
54
55
59
54
59
73
62
54
67
49
67
58
59
61
45
64
71
65
63
54
62
68
66
61
51
58
49
59
58
55
50
44
58
57
60
59
62
67
67
53
56
61
64
60
54
72
47
65
56
53
57
64
50
56
49
62
51
52
53
55
55
52
59
52
59
55
58
58
44
48
62
64
49
63
61
84
62
66
56
64
69
59
69
51
56
66
82
55
75
68
63
58
58
68
66
78
74
88
69
48
66
59
67
67
78
84
56
73
75
51
55
69
74
73
63
55
70
53
77
77
81
89
65
66
92
81
79
86
73
71
60
83
59
68
79
75
80
54
83
66
77
67
84
90
77
73
91
65
77
80
71
91
85
74
81
78
97
93
71
82
92
75
94
78
89
88
98
76
86
102
80
96
93
88
83
88
84
97
99
92
96
89
74
79
75
106
112
92
106
107
93
102
104
104
88
117
86
112
107
108
140
120
126
105
91
109
120
108
117
118
106
114
114
114
113
127
114
122
97
111
125
131
113
157
138
147
147
148
148
115
162
126
141
155
146
133
144
162
161
140
145
164
165
141
160
164
151
204
176
166
189
199
176
179
171
196
191
177
172
196
214
218
220
226
221
210
227
223
221
211
236
236
250
226
236
252
252
232
282
279
268
286
273
290
302
308
278
303
275
322
348
296
302
299
312
349
338
327
326
336
345
398
348
376
397
419
395
389
403
431
415
401
404
451
468
436
454
467
477
490
495
520
475
480
541
484
506
538
535
527
572
546
562
575
595
568
629
671
626
614
643
650
663
680
640
726
682
727
718
717
765
736
766
785
748
727
783
818
811
832
832
832
867
856
930
914
851
890
880
917
913
925
949
955
992
974
1011
1043
1016
1043
1018
1025
1055
1073
1057
1038
1133
1074
1066
1136
1158
1093
1128
1180
1185
1187
1216
1189
1206
1215
1222
1271
1279
1236
1243
1310
1270
1319
1349
1355
1304
1316
1344
1369
1396
1318
1312
1422
1414
1445
1385
1386
1395
1354
1436
1445
1464
1476
1411
1424
1517
1466
1488
1485
1557
1503
1544
1468
1481
1515
1527
1489
1611
1532
1571
1573
1640
1510
1543
1563
1506
1565
1549
1520
1536
1589
1534
1563
1604
1490
1567
1581
1534
1581
1589
1484
1560
1531
1564
1531
1621
1467
1530
1545
1437
1464
1422
1585
1487
1441
1468
1523
1455
1434
1495
1453
1389
1399
1495
1425
1360
1419
1366
1404
1414
1427
1355
1326
1341
1346
1334
1283
1340
1330
1297
1219
1281
1295
1266
1170
1243
1276
1184
1197
1192
1181
1115
1153
1194
1102
1114
1067
1064
1017
1029
1041
1025
1008
983
1033
1051
927
961
975
913
925
908
918
861
878
863
847
822
789
772
771
744
784
729
779
734
783
701
732
648
696
667
671
631
610
608
616
614
559
559
557
571
564
539
491
537
531
482
457
492
473
502
404
446
430
456
427
351
369
401
373
373
362
373
347
319
345
348
316
290
301
289
267
288
275
259
260
233
249
250
246
224
226
227
217
210
204
187
173
172
184
186
163
176
157
174
178
149
157
142
157
145
138
119
111
122
123
106
89
115
98
111
104
99
96
88
98
85
57
71
72
72
70
62
64
69
63
71
75
70
51
66
62
59
60
52
47
39
45
47
50
37
49
51
42
38
49
49
38
37
37
35
30
23
25
18
27
22
26
23
31
22
22
20
24
18
33
24
17
17
19
21
23
11
19
19
23
23
25
19
13
12
16
16
16
18
11
16
13
13
14
10
17
10
7
13
7
7
14
13
11
16
9
14
13
7
9
9
5
11
4
8
12
11
4
10
13
8
4
10
5
7
12
6
5
6
8
11
6
11
9
8
14
5
7
11
8
4
6
12
12
8
6
9
9
4
9
11
4
5
8
8
2
5
4
8
2
5
3
9
8
4
5
8
4
2
4
3
8
2
10
0
1
6
4
3
4
9
1
8
5
7
1
7
6
6
4
3
6
5
7
3
3
2
10
4
7
10
5
5
2
4
7
9
2
4
10
10
3
6
10
6
5
5
8
3
7
5
4
5
7
5
2
2
4
4
1
5
1
0
3
3
6
2
4
2
3
5
5
8
3
4
2
2
4
5
6
3
4
2
5
5
4
6
3
3
8
4
3
2
4
2
6
3
3
4
1
5
3
2
3
6
7
5
4
2
4
4
4
2
5
7
5
0
3
4
7
4
6
4
4
8
3
5
6
3
5
1
3
3
4
5
5
4
5
4
5
5
4
5
4
3
1
3
4
5
4
2
2
7
5
4
8
1
4
6
5
10
2
0
1
5
3
4
4
1
2
5
2
6
5
4
3
5
5
4
2
2
3
3
1
4
1
2
3
4
4
2
3
1
7
5
4
5
1
1
6
6
5
7
3
3
4
6
3
5
4
7
1
5
3
2
2
3
5
5
7
1
2
2
3
0
4
7
7
7
3
3
7
4
1
1
1
3
1
6
5
3
2
5
1
1
4
6
4
5
5
0
4
1
4
7
5
1
5
4
4
3
5
1
7
7
1
3
2
3
4
3
0
2
1
2
7
5
4
2
4
3
4
6
2
4
4
1
5
5
2
4
3
5
0
1
4
3
2
2
4
8
5
5
3
4
5
6
2
3
5
1
3
0
5
4
1
6
0
4
5
1
4
3
5
3
1
2
1
3
4
5
0
4
2
8
5
2
3
2
1
0
0
3
4
5
4
3
1
3
3
4
4
5
3
5
2
3
4
4
4
1
4
4
1
0
4
4
3
1
3
4
4
3
2
6
2
6
3
6
5
8
3
2
5
2
5
2
0
7
2
6
3
5
4
3
4
4
2
1
2
2
2
0
3
3
0
4
2
3
6
6
1
4
1
2
3
2
1
1
3
3
2
4
3
5
0
1
4
3
4
3
4
4
3
3
6
4
4
6
3
2
2
0
2
3
2
3
1
4
2
2
4
5
2
3
2
4
7
3
6
8
2
3
7
7
2
2
4
3
3
4
1
3
4
2
1
2
2
4
1
1
3
3
1
3
2
4
2
4
3
3
3
3
1
3
8
6
1
2
3
1
3
3
1
6
0
3
2
1
1
6
2
1
1
3
2
2
2
4
4
5
3
2
4
6
2
2
4
5
7
7
0
3
3
5
5
0
2
2
6
3
4
2
2
2
2
1
2
1
2
1
0
3
4
4
3
6
3
2
2
1
1
3
4
3
0
3
5
2
6
3
2
7
2
3
0
2
4
4
5
2
1
3
5
4
5
1
2
0
5
4
2
0
4
3
5
5
2
4
4
6
3
0
4
2
4
5
1
3
4
3
4
4
3
5
4
1
3
3
2
2
1
1
2
3
1
3
1
1
4
3
1
2
1
1
3
1
0
2
2
0
1
1
6
1
2
3
2
2
0
4
1
6
3
2
4
1
4
4
1
2
1
3
1
0
4
1
3
0
0
3
5
6
1
4
1
2
3
2
4
1
1
3
4
1
4
4
3
2
2
4
4
2
2
2
2
1
5
1
2
1
3
2
3
2
1
1
1
1
1
2
3
1
1
4
4
5
1
4
3
3
0
4
1
3
3
3
3
3
2
2
2
2
0
1
1
2
4
1
4
0
1
0
1
3
0
1
2
0
1
1
2
3
2
2
2
2
2
1
3
2
1
3
1
0
0
3
1
4
2
1
3
1
1
2
2
5
0
3
1
1
1
2
2
4
4
3
1
2
0
4
1
5
3
1
1
2
1
1
0
3
1
3
0
1
5
3
1
1
1
3
5
1
2
1
2
2
2
1
3
1
3
0
3
1
4
2
0
1
2
3
1
1
1
2
1
1
2
1
0
1
2
1
3
1
2
0
1
4
4
2
2
1
1
1
2
3
0
2
1
2
3
3
2
0
3
1
4
2
2
1
1
2
2
1
0
2
1
1
1
2
0
0
3
1
0
2
1
1
2
3
3
1
3
2
1
2
0
1
1
1
4
1
3
3
2
2
2
3
0
1
1
1
0
1
1
4
3
3
3
2
1
1
2
1
2
5
0
2
4
1
3
1
1
1
1
2
1
4
3
0
4
4
0
2
2
4
2
3
1
2
1
1
2
2
2
1
1
0
1
1
0
0
1
2
4
5
3
1
5
0
0
3
3
3
2
4
3
5
1
2
1
0
0
1
3
4
3
2
2
0
1
1
0
1
1
1
2
3
0
3
1
4
1
1
2
1
1
1
1
0
2
2
1
1
1
4
0
2
2
3
0
2
2
2
1
1
1
2
0
1
0
3
1
2
3
1
3
1
1
2
2
0
6
1
2
0
2
3
1
1
2
0
0
1
0
0
0
0
4
2
0
1
0
2
0
4
0
3
1
2
0
0
0
0
1
0
0
2
0
1
1
3
0
1
1
2
4
2
1
0
1
1
2
0
1
2
2
0
1
0
1
1
2
2
1
0
0
1
5
0
2
3
2
3
1
1
2
0
3
4
1
0
5
2
3
1
1
1
1
0
2
2
0
3
3
1
2
2
1
5
1
2
2
0
0
1
0
2
1
2
3
2
0
5
0
1
2
1
0
4
4
1
0
1
2
2
1
1
2
2
2
2
1
2
1
1
1
1
1
0
4
1
1
1
2
2
0
2
2
1
3
2
3
4
1
2
3
2
2
1
0
2
0
2
1
2
1
0
2
2
1
0
0
2
2
3
0
1
2
1
1
1
2
1
1
1
1
4
3
1
0
0
3
2
1
2
1
1
1
1
1
3
2
1
2
4
0
1
1
1
3
0
1
2
0
3
0
3
1
0
0
3
0
1
4
2
0
0
1
0
2
0
0
2
1
1
2
0
1
2
1
1
1
2
1
1
1
0
4
2
2
1
1
4
1
3
0
2
1
1
2
3
3
1
2
1
4
1
2
1
1
1
2
1
1
1
2
0
3
2
0
1
1
2
1
1
1
2
2
1
0
3
0
1
1
1
0
2
1
1
0
0
2
0
2
1
1
0
1
0
4
1
2
1
3
1
4
0
1
1
1
0
3
2
0
3
0
5
0
1
2
1
3
0
2
1
0
3
1
1
1
0
0
2
2
0
1
0
2
1
1
0
3
1
2
1
0
2
0
1
3
1
0
1
1
2
1
1
1
2
3
3
2
0
1
1
2
1
1
3
2
0
0
1
1
1
1
1
1
1
0
0
0
0
1
1
2
2
1
0
1
1
1
1
2
3
1
0
0
0
1
2
3
3
0
0
1
3
0
1
2
1
1
0
1
0
2
1
0
0
0
2
1
1
0
1
3
0
0
0
0
0
2
0
1
0
0
1
2
0
0
0
1
1
0
0
1
0
1
2
2
0
3
1
0
0
0
3
2
1
1
0
2
3
0
2
0
0
2
4
4
1
3
0
0
4
2
2
1
2
3
1
2
0
1
4
0
0
0
2
0
1
2
0
2
1
1
0
0
0
1
2
3
1
1
1
2
1
3
0
2
2
0
2
2
1
3
0
3
1
0
1
1
0
2
2
0
0
1
1
1
1
2
1
2
3
0
1
0
0
0
0
0
0
0
0
1
0
3
3
1
1
0
1
0
0
1
0
1
1
0
1
3
3
2
0
0
2
2
2
0
0
2
1
0
1
0
1
2
0
0
0
1
1
0
0
1
0
1
0
2
2
0
0
1
1
0
0
0
1
0
2
0
0
0
0
0
1
0
3
0
0
1
1
1
0
2
1
1
3
1
2
2
1
1
1
1
3
2
2
0
1
0
2
0
0
1
1
0
0
4
1
0
1
0
0
1
1
2
1
1
0
0
0
0
0
1
1
0
1
2
0
0
2
1
1
0
1
1
1
0
0
1
1
0
0
1
1
2
0
2
0
0
0
1
0
0
0
1
0
0
0
1
1
1
0
1
1
2
2
0
0
1
0
0
1
3
0
0
2
0
0
2
1
1
1
1
0
1
0
0
0
1
1
2
1
1
2
0
0
0
3
1
0
0
1
1
0
2
2
1
1
2
2
2
2
1
0
1
0
2
0
0
1
0
1
1
1
0
0
1
2
0
0
2
0
0
0
0
0
0
0
0
0
1
2
1
0
0
1
0
0
2
0
1
0
0
0
1
0
0
1
0
0
0
0
0
0
1
1
3
1
2
0
0
1
1
2
0
0
1
2
0
0
0
1
1
0
1
3
0
1
1
0
3
0
1
1
2
1
2
0
1
0
1
0
1
0
1
0
3
0
3
0
0
1
2
0
0
1
0
1
3
1
3
0
0
1
2
0
1
0
1
0
1
1
0
0
1
2
1
1
1
0
1
1
1
3
2
1
1
1
2
0
1
3
4
0
2
0
1
0
1
1
1
0
2
1
1
2
0
0
2
0
0
1
0
1
0
1
0
0
2
1
1
1
1
1
1
1
1
1
0
0
1
0
0
0
0
1
0
1
0
1
1
0
0
2
1
2
1
1
0
2
4
0
2
0
1
0
0
1
1
0
0
4
1
3
2
0
0
1
0
1
1
2
0
1
3
0
2
0
1
1
2
4
1
0
1
0
2
0
1
2
1
1
0
1
2
1
2
0
0
0
0
2
1
1
0
1
1
1
0
1
2
0
2
1
1
0
1
1
2
0
1
1
1
1
0
3
1
1
0
0
1
3
1
0
0
1
1
1
4
0
1
0
0
0
0
2
0
2
0
1
1
4
3
0
4
2
2
0
2
1
0
0
1
0
0
1
0
2
0
1
1
2
1
1
2
1
2
2
1
0
4
0
0
2
0
1
0
2
1
0
1
0
0
1
0
2
1
0
2
2
1
1
1
2
2
1
0
1
0
0
1
1
2
1
1
2
2
1
0
1
1
1
0
0
2
0
1
1
0
2
0
0
1
0
1
0
0
0
2
0
0
2
1
1
1
0
0
0
0
1
2
1
0
2
2
1
0
1
0
2
0
0
0
1
0
2
0
1
2
1
0
0
1
2
2
0
1
0
0
1
2
1
0
1
1
0
0
0
2
0
1
2
1
0
1
1
1
0
0
0
0
0
0
0
1
3
0
1
0
3
0
0
2
1
0
1
1
0
0
0
0
1
0
1
0
0
0
1
2
2
0
0
0
0
0
1
1
1
0
0
1
1
0
0
1
0
1
0
1
1
0
0
0
2
1
0
0
1
0
2
0
0
0
1
0
0
0
1
2
1
1
1
1
1
0
0
0
2
0
0
0
0
1
0
2
0
0
0
1
0
0
0
1
0
0
1
0
0
1
0
0
0
0
0
1
0
1
1
0
0
0
0
0
1
0
0
1
0
0
0
0
0
0
0
0
0
0
1
1
1
0
1
0
0
0
1
0
0
0
1
0
1
0
0
0
0
0
0
0
0
0
1
1
1
2
2
0
0
0
1
0
0
0
0
1
1
1
0
0
0
0
1
0
1
1
1
0
0
2
0
0
0
1
0
0
1
0
1
1
1
0
0
0
1
1
1
2
1
0
0
1
0
1
0
1
2
0
0
0
1
1
0
1
1
1
0
0
0
0
0
0
1
1
1
0
0
2
1
2
0
1
1
2
1
0
0
2
0
0
0
0
1
2
0
0
0
0
0
0
0
0
2
0
0
4
0
1
0
2
0
0
1
1
0
2
1
1
0
0
0
0
1
2
1
0
2
2
1
1
0
2
0
0
0
1
1
2
0
0
1
0
2
3
1
1
1
1
1
0
0
1
0
1
1
1
0
0
0
0
2
1
0
1
1
1
0
0
1
0
1
1
0
2
2
0
0
3
2
2
1
0
3
1
2
0
1
0
1
1
0
2
0
0
1
4
0
0
1
1
0
1
3
0
1
0
0
0
0
0
0
0
1
0
3
2
1
2
3
1
0
1
0
0
0
1
0
1
1
1
0
1
1
1
1
2
0
0
1
1
1
1
1
0
0
1
0
1
0
0
0
1
0
1
0
0
0
1
2
3
0
0
0
0
0
1
1
2
2
0
0
1
0
1
0
1
1
0
0
1
0
0
0
0
2
1
0
0
1
0
1
0
0
0
2
0
2
3
0
0
1
0
0
1
1
0
2
0
0
0
0
0
0
0
0
1
0
1
0
0
1
1
0
0
1
1
1
1
0
0
0
1
0
2
1
1
1
0
0
1
0
1
1
0
1
1
1
1
0
1
0
0
0
1
0
0
1
1
0
1
0
0
1
1
0
0
0
0
0
0
0
0
0
2
0
0
0
1
0
0
0
0
0
1
1
0
0
1
0
1
0
0
0
1
2
0
0
0
0
0
0
0
0
1
0
1
0
1
0
1
0
0
1
0
0
0
0
0
0
1
0
0
0
0
0
0
1
1
0
0
0
0
0
0
0
0
1
0
1
0
0
0
0
0
0
0
0
0
0
0
0
0
1
0
0
0
0
0
0
1
0
0
0
1
0
0
0
0
0
0
0
0
0
0
0
1
0
0
0
2
0
1
0
0
0
0
0
0
0
0
0
0
0
0
2
1
0
0
1
0
1
0
0
0
0
0
0
1
2
0
0
0
0
0
1
0
1
0
0
0
0
0
0
0
0
1
1
0
0
0
1
0
0
0
1
0
0
0
0
0
0
0
0
0
0
0
0
0
0
0
0
0
0
0
0
0
0
0
1
0
0
0
0
0
0
0
0
0
1
0
0
0
0
0
0
0
0
1
0
0
2
0
1
1
0
1
0
0
0
0
0
0
0
0
0
0
0
0
0
0
0
0
1
0
0
0
0
0
2
0
0
1
0
0
1
0
0
0
0
0
0
0
0
0
0
0
0
0
0
0
0
0
0
0
1
0
0
0
0
0
0
0
0
0
0
2
0
1
0
0
0
0
0
1
0
0
0
0
0
0
0
0
0
0
0
0
0
0
0
0
0
0
0
0
0
0
0
0
0
0
1
0
0
0
0
0
0
0
0
0
0
0
0
0
0
0
0
0
0
0
0
0
0
0
0
0
0
1
0
0
0
1
0
0
0
0
0
0
0
0
0
0
1
0
0
0
0
0
0
0
0
0
0
1
0
0
0
0
0
1
0
0
0
0
0
0
0
0
0
0
1
0
0
0
0
0
0
0
0
0
0
0
0
0
0
0
0
0
0
0
0
0
0
0
0
0
0
0
0
0
0
0
0
0
0
0
0
0
1
1
0
0
0
1
0
0
1
0
0
0
0
0
0
0
0
0
0
0
0
0
0
0
0
0
0
0
0
0
0
0
1
0
0
0
0
0
1
1
0
0
0
0
0
0
0
0
0
0
0
0
0
0
0
0
0
0
0
0
0
0
2
0
0
0
0
0
0
0
1
0
0
0
0
0
0
0
0
0
0
0
1
0
0
0
0
0
0
1
0
0
0
0
0
0
0
0
0
0
0
0
0
0
0
0
0
0
0
0
0
1
0
0
0
0
0
0
0
0
1
0
0
0
0
0
0
0
0
0
0
0
0
1
0
0
0
0
0
0
0
0
0
1
0
0
0
0
1
0
0
0
0
0
1
0
0
0
0
0
0
0
1
0
0
0
0
1
0
0
0
0
0
0
1
0
0
0
1
1
0
0
0
0
0
1
0
0
0
0
0
0
0
0
0
0
1
0
0
0
0
0
0
1
0
0
0
0
0
0
0
0
0
0
0
0
1
0
0
0
0
0
0
0
0
0
0
0
1
0
1
0
0
1
0
0
0
0
0
0
0
0
0
0
0
0
0
0
0
0
0
0
1
0
0
0
0
1
1
0
0
0
0
0
0
0
0
0
0
0
0
1
0
1
0
0
1
0
0
0
1
0
0
0
0
0
0
0
0
0
0
1
0
0
0
0
0
0
0
0
0
0
0
0
0
0
0
0
0
0
1
0
0
0
0
0
0
0
1
0
0
1
0
0
1
0
0
0
0
0
0
0
0
0
0
0
0
0
0
0
0
0
0
0
0
0
0
1
0
0
0
0
1
1
0
0
0
0
0
0
0
0
0
0
0
0
1
0
0
0
1
0
0
0
0
0
0
0
0
0
0
1
0
0
0
0
1
0
0
0
0
0
0
0
0
2
0
0
0
0
1
0
0
0
1
0
0
1
0
0
0
0
0
0
0
0
0
0
1
0
0
1
0
1
1
0
0
0
0
0
0
1
0
0
0
0
0
0
0
0
0
0
0
0
0
0
0
1
0
0
0
0
1
0
0
0
0
0
0
0
0
0
0
0
0
0
0
0
1
0
0
0
0
1
1
1
0
0
0
0
0
1
0
0
0
0
0
0
0
0
0
0
1
0
0
0
0
0
0
0
0
0
0
0
0
1
0
0
0
0
0
0
0
0
0
1
1
1
0
0
0
0
0
0
1
0
0
0
0
0
0
0
0
0
0
0
0
0
0
0
0
0
0
0
0
0
0
0
1
0
0
0
0
0
0
0
0
0
0
0
1
0
0
0
1
0
0
0
0
0
0
0
0
0
0
0
0
0
0
0
0
0
0
0
0
0
0
1
0
0
0
0
0
0
0
0
0
0
1
0
0
0
0
1
0
0
0
0
0
0
0
0
0
0
0
0
0
0
0
0
0
0
0
0
0
1
1
0
0
0
0
0
0
0
0
0
0
0
0
0
1
0
1
0
0
0
0
0
0
0
0
0
2
0
0
0
0
0
0
1
0
0
0
0
0
0
0
0
0
0
0
0
0
0
0
0
1
0
0
0
0
0
0
0
0
0
0
0
0
0
0
0
0
0
0
2
0
0
0
0
0
0
0
0
0
0
0
0
0
0
0
0
0
0
0
0
1
0
0
0
0
0
0
0
0
0
0
0
0
0
0
0
0
0
0
0
0
0
0
0
0
0
0
0
0
1
0
0
0
0
0
0
1
0
0
0
1
0
0
0
0
0
0
0
0
0
0
0
0
0
0
0
0
0
0
0
0
0
0
0
0
0
0
0
0
0
0
1
0
0
0
0
0
0
0
0
0
0
0
0
0
0
0
0
1
0
0
0
0
0
0
1
0
0
0
0
0
0
0
0
0
1
0
0
1
0
0
0
0
0
0
0
0
0
0
0
0
0
0
0
0
0
0
0
0
0
0
0
1
0
0
0
0
0
0
0
0
0
0
0
0
0
0
0
0
2
0
0
0
0
0
0
0
0
0
0
0
0
0
0
0
0
0
0
0
0
0
0
0
0
0
0
0
2
0
0
1
0
0
0
0
0
0
0
1
0
0
0
0
0
0
0
0
0
0
1
0
0
0
0
0
0
0
0
0
0
0
0
0
1
2
0
1
0
0
0
0
0
1
0
0
0
0
0
0
1
0
0
0
1
0
0
0
0
0
0
0
0
0
0
0
0
0
0
0
0
0
0
0
0
0
0
0
0
0
0
0
0
0
0
0
0
0
0
1
0
0
0
1
1
0
1
0
0
1
0
0
0
1
0
0
0
0
0
0
0
0
0
0
0
0
0
0
0
1
0
0
0
0
0
0
0
0
0
0
1
0
0
0
0
0
0
0
0
0
0
0
0
0
0
0
0
0
0
0
0
0
0
0
0
1
0
0
0
0
0
0
0
0
0
0
0
0
0
0
1
0
0
0
0
0
0
1
0
0
0
0
0
0
0
0
0
0
0
0
0
0
0
0
0
1
0
0
0
0
0
0
0
0
0
0
0
0
0
0
0
0
0
0
0
0
0
1
0
0
0
0
0
0
0
0
0
1
1
0
0
0
0
1
0
0
0
0
1
0
0
1
0
0
0
0
0
0
0
1
0
0
0
0
0
0
0
0
0
0
0
0
0
0
0
0
0
0
0
0
0
0
0
0
0
0
0
0
0
0
0
0
0
0
0
0
0
0
0
1
0
0
0
0
0
0
0
0
0
0
0
0
0
0
0
0
0
0
0
0
0
0
0
0
0
0
0
0
0
0
0
0
0
0
0
0
0
0
0
0
0
0
0
0
0
0
0
0
0
0
0
0
1
0
0
0
0
0
0
0
0
0
0
0
1
0
0
0
0
0
0
0
0
0
0
0
0
0
0
0
0
0
0
0
0
0
0
0
0
0
0
0
0
0
1
0
0
0
0
0
0
0
0
0
1
0
0
0
1
0
0
0
0
0
0
0
0
0
0
0
0
0
0
0
0
0
0
0
0
0
0
0
0
0
0
0
0
0
0
0
0
0
0
0
0
0
0
0
0
0
0
0
0
0
0
0
0
0
0
0
0
0
0
0
0
0
0
0
0
0
0
0
0
0
0
0
0
0
0
0
0
1
0
0
0
0
0
0
0
0
0
0
0
0
0
0
0
0
1
0
0
1
0
0
0
0
0
0
0
0
0
0
0
0
0
0
0
0
0
0
0
0
0
0
0
0
0
0
0
0
0
0
0
0
0
0
0
0
0
0
0
0
0
0
0
0
0
0
0
0
0
0
0
0
0
0
0
0
0
0
0
0
0
0
0
0
0
0
0
0
0
0
0
0
0
0
0
1
0
0
0
0
0
0
0
0
0
0
0
0
0
0
1
0
0
1
0
0
0
0
0
0
0
0
0
1
0
0
0
0
0
0
0
0
0
0
0
0
0
0
0
0
0
0
0
0
0
0
0
0
0
0
0
0
0
0
0
0
0
0
0
0
0
0
0
0
0
0
0
1
0
0
0
0
0
0
0
0
1
0
0
0
0
0
0
0
0
0
0
0
0
0
0
0
0
1
0
0
0
0
0
0
0
0
0
0
0
0
0
0
0
0
0
0
0
0
0
0
0
0
1
0
0
0
0
0
0
0
0
0
0
0
0
0
0
0
0
1
0
1
0
0
0
0
0
0
0
0
0
0
0
0
0
0
0
0
0
1
0
0
0
0
0
1
0
0
0
0
0
0
0
0
0
0
0
0
0
1
0
0
0
0
0
0
0
0
0
1
0
0
0
0
0
0
0
0
0
0
0
0
1
0
0
0
0
0
0
0
0
0
0
0
0
0
0
0
0
0
0
0
0
0
0
0
0
0
0
0
0
2
0
0
1
1
0
0
0
0
0
0
0
0
0
0
0
1
0
0
0
0
0
0
0
0
0
0
0
0
0
0
0
0
0
0
0
0
0
0
0
0
0
1
0
0
0
0
0
0
0
0
0
0
0
0
0
0
0
0
1
0
0
0
0
0
0
0
0
0
0
0
0
0
0
0
0
0
0
0
0
0
0
0
0
0
0
0
0
0
0
0
0
0
0
1
0
0
0
0
0
0
0
0
0
0
0
0
0
0
0
0
0
0
1
0
0
0
0
0
0
0
0
0
0
0
0
0
0
0
0
1
0
0
0
0
0
0
0
0
0
0
0
0
0
0
0
0
0
0
0
0
0
0
0
0
1
0
0
1
0
0
0
0
0
0
0
0
0
0
0
0
1
0
0
0
0
0
0
0
0
0
0
1
0
0
0
0
0
0
0
0
1
0
0
0
0
0
0
0
0
0
1
0
0
0
2
0
0
0
0
0
0
0
0
0
2
0
0
0
0
1
0
0
0
0
0
0
0
0
0
0
0
1
0
0
0
0
0
0
0
0
0
0
0
0
0
0
0
0
0
0
1
0
0
0
1
0
0
0
0
0
0
0
0
0
0
0
0
0
0
0
0
0
0
0
0
0
0
0
0
0
0
0
0
0
0
0
0
0
0
0
0
0
0
0
0
0
0
0
0
0
0
0
0
0
0
1
1
0
0
0
2
1
2
4
2
1
3
1
4
0
5
3
2
4
2
4
0
4
2
0
4
3
2
2
5
3
4
1
4
0
1
2
1
4
4
2
1
2
1
2
2
1
3
1
4
1
3
2
1
4
2
1
2
2
1
2
0
4
2
1
1
3
4
3
2
3
4
2
0
3
2
0
1
2
1
4
1
2
1
2
2
1
0
3
3
1
2
5
1
1
1
1
1
0
2
2
1
2
3
2
2
1
0
2
1
1
2
2
3
1
2
4
0
0
4
3
1
1
2
1
3
5
3
3
2
1
2
1
