0
0
0
0
0
0
0
0
0
0
0
0
0
0
0
0
0
0
0
0
0
0
0
0
0
0
0
0
0
0
0
0
0
0
0
0
0
0
0
0
0
0
0
0
0
0
0
0
0
0
0
0
0
0
0
0
0
0
0
0
0
0
0
0
0
0
0
0
0
0
0
0
0
0
0
0
0
0
0
0
0
0
0
0
0
0
0
0
0
0
0
0
0
0
0
0
0
0
0
0
0
0
3
6
30
51
46
55
43
40
61
53
52
47
54
47
42
66
56
61
64
49
59
72
58
64
43
55
66
47
48
61
56
60
69
51
70
75
63
61
77
51
67
65
45
74
66
70
68
67
52
69
58
67
66
60
68
68
72
72
62
88
70
78
77
68
63
80
70
65
83
57
71
74
77
81
75
58
70
75
72
74
62
88
64
71
68
86
71
80
84
82
77
98
87
90
93
79
77
82
89
105
87
80
92
84
94
96
99
99
91
94
106
104
121
94
102
107
97
113
87
99
104
99
99
136
127
102
113
102
111
100
122
119
137
120
120
105
131
117
97
128
137
110
136
104
117
129
138
134
114
125
129
139
126
147
126
131
144
157
138
142
133
171
155
146
145
139
157
145
138
141
141
161
129
148
151
148
153
169
152
167
149
180
142
132
158
136
158
167
157
151
157
183
166
175
142
156
158
155
152
133
166
158
151
156
185
174
138
150
162
155
178
157
156
155
156
154
161
171
193
161
160
132
153
165
155
130
148
134
148
162
165
134
156
127
154
153
181
162
176
145
166
165
143
140
156
171
151
139
160
169
153
152
160
137
156
138
144
158
146
130
151
162
173
159
147
131
133
170
139
166
157
140
172
157
145
151
148
166
170
159
143
167
141
141
137
154
155
148
131
167
132
167
158
154
132
130
154
142
150
127
141
138
144
138
172
156
166
152
173
142
146
148
156
150
128
144
143
138
157
137
150
136
152
152
171
135
128
145
132
141
117
117
138
166
154
160
142
134
168
132
138
150
135
154
134
160
160
148
148
150
150
127
137
143
151
144
141
136
162
146
154
151
113
150
145
155
144
149
130
125
121
129
125
136
156
143
153
140
135
131
127
137
143
155
146
146
109
152
115
125
156
124
123
108
141
132
150
123
129
130
139
128
143
140
151
105
112
134
141
148
138
137
152
111
129
124
132
101
130
162
121
140
144
131
119
133
153
139
146
144
152
136
129
130
122
113
138
104
115
133
108
125
140
132
116
112
138
116
118
123
118
120
156
130
121
131
131
127
126
120
119
129
132
114
113
116
116
128
123
122
128
115
106
133
100
103
114
132
110
129
126
95
115
104
96
109
107
119
128
101
104
113
108
132
113
130
93
99
106
113
103
110
143
114
123
117
121
113
100
118
124
107
111
115
129
101
113
109
105
113
126
96
128
113
122
121
99
111
115
102
114
103
100
100
117
102
127
113
103
103
92
98
118
121
123
115
110
93
107
107
108
119
120
104
98
105
114
108
100
113
125
110
95
105
102
97
112
112
113
123
97
104
113
116
96
109
108
104
100
108
99
102
108
94
105
113
103
117
96
105
96
106
107
104
95
107
103
104
105
98
87
99
103
104
95
85
98
112
98
102
91
107
79
100
103
99
93
108
119
101
94
93
98
96
110
104
95
98
78
90
103
93
88
85
102
114
99
99
105
91
86
97
77
90
107
99
91
90
97
114
96
97
96
105
100
97
86
103
80
100
90
95
105
80
90
84
93
70
85
93
85
77
105
97
91
90
82
96
89
68
76
78
94
77
104
85
89
83
78
98
95
88
83
92
80
90
87
70
97
94
74
99
88
112
90
73
72
85
90
81
72
92
90
89
83
84
89
92
89
112
92
90
84
81
83
83
79
82
97
88
97
77
92
85
81
67
84
91
75
83
87
83
84
89
90
80
82
86
91
72
82
77
84
87
72
80
80
79
80
102
96
74
76
57
95
81
88
93
77
91
71
85
89
71
74
69
74
89
95
93
75
75
72
87
68
97
84
93
71
78
79
76
89
74
87
78
81
72
67
81
86
83
78
83
69
80
80
75
77
78
82
85
90
72
79
74
84
78
70
72
83
76
86
61
88
77
65
73
87
64
84
80
75
80
82
71
61
79
79
87
75
72
71
77
79
71
60
72
86
75
81
70
69
70
75
62
51
57
61
72
71
63
72
63
68
71
71
59
79
63
66
58
67
64
59
72
61
58
80
51
52
54
62
52
52
59
63
52
51
63
54
65
53
63
54
65
65
60
65
48
55
59
67
59
61
48
48
57
46
58
64
52
58
47
53
61
71
60
54
73
56
55
56
77
63
42
56
61
63
63
62
49
53
52
60
54
58
57
59
54
54
58
60
59
57
42
57
61
51
57
49
54
45
45
57
53
53
62
63
55
53
57
54
57
50
57
61
58
43
60
51
46
30
44
54
50
57
49
49
46
55
36
39
54
53
44
52
51
46
53
47
49
53
43
38
48
44
53
55
52
50
46
56
56
63
51
52
47
56
29
38
56
62
52
58
53
57
58
48
60
55
45
56
48
50
45
48
51
42
62
52
51
43
47
43
41
49
38
41
46
53
43
63
53
50
54
46
48
57
42
42
54
45
56
62
56
40
38
50
40
50
40
51
47
50
49
55
57
47
47
40
36
33
55
46
57
33
45
44
32
35
44
35
48
47
55
39
42
39
43
46
48
41
37
48
47
38
40
41
49
35
42
38
56
47
41
41
37
38
35
46
41
47
42
36
38
38
44
40
43
45
35
44
36
47
44
38
34
35
41
50
51
37
43
39
52
41
42
50
35
32
33
34
36
54
47
35
50
47
45
46
36
38
35
37
39
31
24
32
43
39
38
31
41
42
35
30
42
34
38
41
43
36
38
47
39
38
40
44
50
38
36
39
48
32
48
43
32
37
25
48
28
46
32
31
37
28
34
33
44
30
33
32
26
44
31
31
41
41
34
36
37
45
36
41
41
30
37
28
34
29
31
26
26
32
29
36
41
30
43
33
33
25
32
30
31
32
47
31
32
38
43
30
29
23
36
29
23
33
32
27
37
38
33
34
30
36
24
41
29
34
32
35
39
27
35
35
28
29
27
31
32
36
30
42
26
31
37
37
31
27
26
20
34
35
34
28
23
35
28
33
32
25
25
24
30
26
30
27
29
32
23
23
26
26
21
32
19
15
24
35
17
35
27
23
30
18
21
29
18
19
20
21
20
29
25
21
16
26
19
20
15
22
24
28
27
17
24
25
25
28
22
24
30
25
23
19
20
22
18
33
38
28
26
19
30
34
26
25
26
19
27
35
24
18
20
20
24
21
18
26
20
19
18
24
28
23
24
19
22
26
18
14
16
23
23
17
23
21
35
20
26
20
20
17
26
18
32
29
26
20
19
28
26
25
23
13
13
17
15
19
20
17
16
21
22
18
21
19
24
20
20
17
21
13
17
18
25
21
16
28
15
15
22
14
24
20
15
27
24
18
26
24
20
23
15
20
19
20
19
17
16
19
26
18
24
10
17
23
16
26
25
25
14
21
12
16
23
22
20
15
16
20
14
14
16
21
28
26
28
20
20
13
16
17
25
15
30
20
23
33
21
19
27
20
16
19
18
19
27
16
23
16
21
20
17
7
18
22
20
16
17
15
27
20
14
22
14
15
17
24
14
18
28
18
22
11
20
23
17
20
15
22
22
17
10
11
17
13
27
19
16
22
10
20
18
29
11
19
24
15
22
25
18
14
17
12
17
10
17
19
18
12
17
24
11
19
14
24
16
12
26
25
22
25
19
11
17
16
17
17
24
21
20
21
24
18
22
24
23
15
18
20
23
18
21
13
24
28
25
25
20
24
22
25
25
18
10
15
28
18
14
15
27
27
17
19
23
23
22
15
19
14
24
15
27
24
18
19
24
24
20
26
23
17
20
22
18
11
22
19
23
18
20
19
18
18
20
16
24
31
20
18
26
19
21
16
25
25
16
25
22
27
12
20
22
21
25
24
21
17
27
19
18
25
19
23
27
23
29
21
23
25
23
20
31
29
29
32
38
37
26
38
30
26
29
29
24
25
33
27
39
28
27
31
30
28
36
32
41
28
35
21
59
30
38
31
27
38
43
41
43
53
42
37
49
38
44
43
36
43
45
38
38
54
56
44
46
46
46
50
50
51
59
56
52
53
54
49
47
54
52
51
66
53
68
69
61
56
54
63
67
66
62
76
78
72
76
76
78
66
82
72
75
72
69
72
70
63
96
77
90
92
74
90
92
86
99
80
93
97
88
87
93
103
78
93
103
98
96
94
96
96
111
113
96
117
102
126
96
109
126
121
113
130
129
98
110
109
110
104
116
113
118
117
117
120
122
131
120
127
125
120
119
130
127
121
113
114
113
132
123
137
103
135
106
133
124
117
151
122
110
137
122
127
113
133
118
114
120
121
127
113
113
119
130
137
121
125
118
115
127
123
134
121
139
105
104
126
114
105
123
112
121
105
113
106
117
129
117
117
120
127
115
105
115
123
111
115
91
104
93
94
91
108
95
97
100
84
94
84
104
93
94
93
78
96
83
84
63
76
74
79
76
79
73
71
64
72
68
76
71
71
60
53
64
59
61
65
62
65
67
60
53
54
63
40
54
70
50
46
45
56
55
42
48
55
53
49
37
47
44
43
40
40
33
36
38
40
33
42
33
42
28
41
33
31
31
30
41
36
26
29
21
29
27
31
22
20
21
32
18
10
26
25
19
24
19
18
14
23
20
24
14
18
22
16
23
23
26
17
18
24
15
13
10
24
24
19
15
15
19
11
19
22
20
14
17
18
15
21
20
14
18
14
11
14
17
9
10
17
13
9
17
13
7
18
10
18
17
14
9
13
13
12
18
10
14
18
14
18
17
12
12
10
9
9
8
10
12
6
13
19
15
11
15
20
13
11
14
15
12
11
22
16
14
19
14
15
7
18
11
10
21
14
23
12
15
13
19
14
13
16
14
14
5
16
11
10
10
13
17
14
4
12
13
14
11
17
12
18
21
13
11
14
13
12
10
17
12
15
20
12
7
12
13
13
12
15
12
16
8
17
16
17
7
12
13
15
16
8
12
10
20
17
11
10
15
19
16
13
11
14
12
14
21
10
21
12
14
16
14
13
12
12
17
18
15
16
11
12
19
11
11
15
7
11
9
16
14
16
11
9
14
12
18
16
13
16
14
16
11
9
15
11
20
16
10
21
6
13
10
12
9
17
14
16
6
13
12
12
8
13
11
13
11
10
14
9
20
16
14
14
11
16
13
8
8
9
21
14
12
15
18
17
14
8
13
18
14
11
10
7
12
13
10
13
9
12
6
13
10
20
9
5
7
14
9
17
11
9
7
12
7
5
7
9
12
10
16
12
12
11
16
9
4
9
13
9
12
19
8
10
16
11
15
9
9
14
6
8
11
8
14
8
14
7
11
11
10
4
20
9
11
13
12
10
10
9
6
10
14
16
3
8
13
7
3
10
15
14
10
16
8
6
6
11
5
9
8
12
11
11
11
12
7
14
8
11
7
12
5
9
11
8
5
4
10
15
6
10
12
6
5
6
10
7
6
2
8
9
10
18
15
6
12
11
14
5
6
8
10
7
11
6
12
10
7
7
19
9
9
6
13
13
10
13
8
11
12
6
12
9
7
7
9
13
7
8
6
5
7
10
9
10
6
15
11
4
8
5
10
12
7
6
20
10
6
12
7
9
5
4
14
8
4
9
16
10
12
13
12
10
4
8
10
9
18
7
11
9
8
12
16
4
12
7
12
10
10
6
8
8
9
9
10
8
6
11
6
13
8
7
15
10
13
13
10
9
11
10
9
6
7
9
13
16
12
15
10
16
8
6
10
6
11
4
13
8
9
8
9
9
9
19
7
10
6
9
5
15
11
3
7
16
12
10
8
9
8
6
10
12
16
15
8
10
12
9
12
10
5
5
14
5
8
12
12
12
13
13
13
11
12
7
9
14
13
6
13
13
11
14
14
12
9
14
7
12
12
8
15
9
14
9
9
15
11
11
11
12
7
9
5
9
10
6
10
9
5
8
3
12
11
8
8
11
13
5
10
11
15
8
10
14
12
8
13
9
15
10
6
11
7
15
16
18
10
14
17
10
8
15
10
11
12
8
10
4
13
13
9
8
11
12
8
8
10
11
8
14
10
4
5
10
14
8
8
12
4
5
10
5
6
7
7
10
6
8
15
12
11
7
11
12
8
8
13
8
10
13
13
10
19
16
8
13
11
11
11
13
14
12
8
9
10
11
10
11
14
14
5
11
5
10
10
12
9
12
5
4
12
11
8
10
10
5
2
7
18
7
14
12
11
16
15
2
14
8
16
10
9
13
12
12
14
18
10
5
10
4
11
11
8
7
11
14
10
7
6
7
8
13
8
14
16
10
7
9
5
9
9
9
9
7
7
12
12
6
11
13
10
7
14
7
8
11
13
12
11
12
10
12
13
9
7
11
9
6
3
15
12
14
9
9
7
11
12
14
8
10
6
4
13
5
10
10
14
12
7
5
8
5
5
12
9
8
5
11
10
7
11
16
8
9
8
12
8
11
4
8
10
1
6
8
7
10
6
7
11
11
13
7
8
5
12
8
13
7
3
11
12
8
9
5
8
5
6
6
5
9
11
4
8
9
7
5
9
7
12
10
4
6
12
5
6
11
9
11
6
4
9
10
9
6
7
8
4
7
8
8
10
10
7
6
12
5
14
6
7
8
6
4
9
5
11
9
10
7
11
8
10
10
11
8
7
9
15
9
8
9
9
14
8
10
8
8
10
16
6
12
10
12
10
10
7
6
8
8
11
3
11
8
11
8
7
10
8
8
6
7
11
8
7
13
10
6
9
3
8
5
4
5
5
8
6
9
2
4
9
3
6
7
11
6
10
4
10
6
7
10
7
8
6
8
10
7
7
10
13
8
8
5
7
5
9
3
3
4
4
9
7
3
9
4
6
14
13
8
9
7
9
8
8
10
6
12
5
4
7
7
4
5
9
8
8
4
4
8
10
7
10
7
8
7
11
10
12
5
9
9
8
5
10
12
4
11
10
5
5
11
10
7
8
5
10
8
10
8
7
7
7
6
11
9
9
6
9
8
8
5
10
14
8
9
11
5
2
11
5
10
13
6
6
6
6
11
4
12
7
6
7
10
7
10
9
5
5
10
5
10
9
8
4
4
10
6
6
5
8
4
10
5
4
6
13
11
9
1
5
7
8
7
13
8
7
8
3
6
12
10
2
8
6
6
7
2
4
5
6
7
5
4
8
8
10
3
10
10
4
7
9
12
4
16
8
8
5
10
16
7
9
10
4
5
9
10
7
10
7
7
10
3
4
4
12
6
8
4
9
8
10
10
9
4
8
4
5
7
4
3
6
3
6
9
9
3
5
7
5
8
13
12
3
8
10
8
5
11
9
7
7
4
4
3
8
5
6
9
14
10
8
6
7
12
10
7
8
11
7
9
3
10
13
5
4
7
5
2
5
7
7
2
10
7
5
13
7
9
6
9
9
15
3
8
6
9
12
6
13
8
5
10
10
7
11
12
5
11
13
5
9
10
12
6
9
5
3
7
10
11
6
9
6
6
9
9
5
7
13
7
2
7
9
6
8
2
9
6
10
5
8
12
8
4
8
13
7
7
9
12
6
10
7
9
10
5
9
6
6
12
11
5
14
5
10
7
7
6
12
12
7
9
9
8
10
7
8
5
7
8
5
7
11
9
8
8
12
12
5
8
5
9
9
4
7
2
9
10
5
11
11
11
8
6
6
2
10
4
3
6
4
8
11
5
8
6
5
7
6
6
4
3
7
8
8
14
7
9
11
7
5
8
3
6
10
9
4
14
12
4
5
9
7
10
10
5
2
8
8
10
9
11
2
6
6
3
12
10
11
5
9
8
8
10
7
8
5
7
8
10
8
12
10
10
11
11
6
11
6
6
13
5
11
9
9
4
4
6
1
7
6
9
7
6
8
11
9
9
11
4
10
5
3
3
7
5
9
6
6
8
10
6
10
4
8
8
12
7
5
10
6
8
12
7
9
9
11
8
4
8
7
12
4
6
8
7
3
9
4
4
7
7
5
7
8
10
10
10
5
8
6
7
5
5
5
7
3
9
11
8
5
6
8
7
6
4
6
9
11
5
7
10
9
8
9
13
10
9
13
7
6
9
4
6
10
12
10
7
5
7
5
10
8
12
9
2
8
6
8
7
3
13
12
6
4
6
11
6
8
8
6
7
5
8
10
8
4
5
7
10
10
9
6
5
3
6
8
3
4
7
12
7
14
10
10
7
7
11
10
6
7
6
5
10
9
10
5
7
11
4
6
8
12
9
7
6
9
10
5
3
6
10
4
5
6
12
5
7
6
11
6
9
8
4
5
7
10
7
9
8
8
13
8
5
10
11
5
4
11
2
7
10
7
3
11
11
7
5
5
2
5
8
14
4
6
4
14
7
8
12
7
5
6
8
10
5
12
5
8
7
10
7
6
5
6
5
5
5
6
5
6
9
8
4
8
5
6
4
6
10
8
8
5
2
9
8
7
6
8
6
7
6
6
3
10
3
6
10
8
8
8
5
8
5
8
6
5
1
6
7
2
8
9
3
9
4
4
8
6
7
8
5
14
5
11
7
8
6
8
6
4
3
9
6
2
7
11
5
6
6
7
7
6
4
5
8
5
5
11
3
7
4
2
4
8
8
4
6
5
5
7
7
10
13
7
7
6
8
12
5
8
7
3
9
7
3
10
3
5
5
5
9
7
4
8
6
2
7
10
4
6
10
8
5
7
3
2
3
7
9
2
2
13
3
10
5
6
4
9
4
6
4
9
6
5
3
6
2
3
7
0
4
6
9
6
3
7
8
3
8
7
8
5
3
7
12
3
3
4
10
7
7
8
6
5
5
12
6
6
9
2
6
6
9
1
5
6
3
5
8
6
4
6
5
2
4
5
13
4
8
3
3
4
5
7
4
7
5
4
7
5
9
6
1
3
7
3
7
7
8
5
6
7
6
10
7
3
4
6
3
8
4
6
5
6
3
5
6
5
6
6
5
4
7
5
5
4
6
3
3
7
3
6
9
3
6
7
7
3
3
4
8
9
2
3
7
9
8
6
2
2
4
9
5
5
5
8
6
5
10
2
4
6
5
2
2
7
5
4
4
4
4
5
4
4
5
5
2
6
4
6
6
10
4
4
5
3
4
6
4
2
6
7
0
2
5
6
3
8
4
5
4
5
3
2
3
4
3
6
6
6
5
3
7
4
4
6
6
5
6
4
2
6
2
6
5
6
4
3
4
3
7
8
3
4
7
4
4
2
4
6
6
6
2
4
4
1
4
6
3
4
4
10
5
5
9
5
3
6
6
6
3
2
8
4
2
7
6
7
5
4
5
1
5
7
6
7
7
6
5
5
6
7
3
5
7
4
7
3
2
4
4
2
2
7
4
7
5
9
3
4
3
5
6
2
5
5
6
12
4
2
3
6
3
6
5
5
7
1
6
6
4
3
8
3
3
4
3
5
2
5
4
5
6
3
10
7
7
3
3
6
6
6
2
0
5
3
2
1
7
3
6
6
5
4
6
2
4
5
5
5
6
4
6
6
6
4
3
7
3
6
7
2
7
7
6
2
6
3
5
4
7
3
3
3
1
4
4
2
7
7
5
5
2
2
4
6
9
1
4
3
7
6
4
6
6
6
10
2
8
4
7
3
3
7
1
0
4
8
9
3
8
5
6
8
2
3
7
7
5
5
5
3
1
6
6
4
3
3
2
5
10
3
3
3
2
6
7
1
5
6
1
7
4
9
3
5
2
8
6
5
5
8
4
3
3
4
3
1
3
6
5
7
4
4
6
4
2
4
2
4
4
4
7
11
3
9
2
6
5
2
4
5
4
1
6
3
5
5
3
4
3
6
2
4
6
2
6
4
5
9
3
2
2
2
7
7
4
1
4
9
4
3
6
5
3
1
4
2
4
6
4
8
3
4
4
2
6
2
2
3
3
5
2
7
2
4
2
1
7
3
5
5
4
4
4
7
6
6
7
0
2
7
4
1
5
6
5
11
7
1
3
5
5
1
8
8
3
4
2
4
4
8
5
6
5
3
6
5
3
5
4
3
6
6
6
3
8
3
2
5
9
5
6
3
5
5
3
2
6
7
2
7
6
8
9
6
7
5
5
2
5
7
6
11
6
9
7
5
6
3
5
6
6
5
5
7
5
6
8
5
6
5
7
5
7
8
8
6
5
4
5
4
3
7
6
7
4
6
9
5
4
6
3
8
5
5
8
3
5
8
6
4
8
8
10
7
2
5
11
5
8
6
11
7
5
8
4
3
6
9
9
8
4
4
4
10
8
7
9
7
6
17
9
4
9
6
6
7
8
9
6
8
3
6
7
11
6
7
10
12
9
11
10
8
7
10
13
11
10
11
5
4
10
9
11
13
7
8
8
13
7
9
10
7
7
15
9
12
11
20
8
5
4
9
9
12
9
13
14
14
5
18
14
14
6
14
8
11
12
10
15
8
7
9
10
11
8
12
14
15
8
4
11
16
8
11
11
8
17
8
14
13
13
9
11
11
9
8
13
17
7
7
15
13
16
11
8
11
6
14
14
12
8
10
8
15
9
7
10
11
11
8
15
17
14
15
16
9
7
11
9
17
10
23
10
12
15
16
16
7
13
11
12
10
17
12
7
18
14
12
9
15
9
12
10
8
14
12
7
22
13
16
20
13
14
15
12
17
11
16
11
13
16
9
13
13
17
12
12
10
14
12
15
15
10
14
15
14
11
14
12
14
16
13
9
13
6
15
13
11
6
12
7
8
12
11
13
12
13
13
8
8
11
10
12
15
14
10
9
16
7
15
11
7
11
12
11
9
18
14
13
13
10
18
13
8
9
9
6
13
10
10
10
11
16
11
11
11
10
14
8
7
8
9
8
7
15
12
11
9
11
8
13
11
4
8
6
3
3
7
5
10
11
9
9
4
6
6
7
12
11
5
1
6
6
6
7
6
10
7
10
9
8
8
6
6
5
13
12
4
5
3
4
12
6
13
7
9
9
2
1
8
6
10
7
7
7
6
6
6
9
6
6
9
5
9
4
6
11
9
7
5
5
7
5
6
3
6
5
3
5
3
5
3
5
3
8
5
4
5
5
7
5
5
1
6
9
8
4
3
8
1
5
2
5
6
6
4
6
3
5
6
3
1
3
4
0
5
11
4
3
4
4
9
3
9
5
2
4
2
4
3
2
2
6
4
2
11
5
3
3
3
4
5
3
2
5
1
3
3
3
1
1
2
1
4
3
4
4
2
3
6
2
4
4
4
5
1
1
5
5
3
7
3
5
2
5
1
1
8
3
6
4
3
5
0
1
3
2
2
1
3
4
2
2
1
1
3
7
3
5
7
2
2
1
7
3
6
0
6
1
4
6
3
3
3
4
1
7
3
2
5
2
3
2
3
4
3
3
5
3
8
1
1
1
3
6
2
2
2
2
3
4
4
4
2
6
4
9
4
4
8
1
6
3
0
4
4
2
3
2
4
2
10
1
1
6
9
1
2
2
2
3
5
6
3
6
4
4
1
5
6
3
4
3
1
2
3
4
7
5
4
0
1
4
1
1
2
3
2
4
3
2
0
4
6
3
1
3
2
2
6
2
1
4
5
2
5
7
7
6
2
3
1
2
3
2
4
4
3
3
4
6
4
1
0
4
7
5
5
6
3
2
1
2
1
4
7
7
1
5
7
2
6
4
3
7
2
1
1
5
3
7
4
3
3
6
2
4
5
4
3
1
3
3
4
4
9
3
4
5
6
1
1
5
2
6
5
8
2
6
5
2
2
4
3
5
7
7
3
3
6
4
4
4
2
7
7
2
2
1
5
8
2
2
8
6
3
7
2
4
4
1
2
4
5
5
1
5
2
6
4
3
4
4
5
3
7
6
5
8
2
5
3
7
5
4
3
8
6
6
4
5
4
5
7
5
4
3
4
7
6
2
5
3
7
5
8
8
5
7
4
3
3
8
3
8
3
6
10
4
5
6
9
11
8
7
5
5
5
5
4
8
5
7
4
2
5
4
3
7
4
3
2
3
8
6
3
5
7
4
8
0
10
3
8
2
4
7
4
7
4
2
8
7
5
5
3
7
2
5
4
6
2
8
5
6
6
6
6
5
3
4
7
3
2
5
10
5
5
2
6
5
4
6
1
5
3
5
4
5
6
5
2
5
3
2
5
10
6
8
1
4
1
7
9
5
7
1
3
3
7
2
6
7
2
4
5
3
3
5
7
6
3
1
4
1
2
5
4
4
4
2
8
3
4
2
7
4
5
10
3
4
4
6
7
2
3
7
4
2
6
2
3
5
4
6
4
2
6
4
3
5
3
10
6
3
4
3
3
2
2
5
5
2
6
1
6
4
5
5
4
4
8
0
3
1
5
2
3
3
2
5
3
1
6
4
3
1
9
3
4
3
5
1
4
2
5
3
5
3
3
4
4
3
2
6
5
3
2
7
2
4
4
3
5
4
4
3
3
3
5
4
2
2
2
1
5
4
7
1
4
1
3
3
2
3
1
2
2
1
3
3
4
5
1
4
1
2
1
3
4
2
2
1
3
3
1
3
0
6
0
5
1
0
6
1
1
3
3
2
0
4
2
2
3
4
4
2
3
3
3
2
2
2
1
4
1
1
3
0
1
3
2
7
1
5
1
1
4
2
3
3
2
4
8
1
1
3
2
2
1
2
1
2
2
0
2
2
3
2
1
4
2
1
2
2
4
1
2
3
1
3
3
2
1
4
3
1
1
0
2
4
0
4
1
2
3
3
3
2
2
0
1
2
2
3
1
1
1
3
2
2
2
2
3
1
1
2
3
0
2
1
2
0
4
1
1
2
4
2
2
4
4
5
0
2
3
0
2
1
1
2
2
1
1
1
1
2
1
4
1
2
2
5
1
3
0
1
1
0
1
2
3
1
3
1
3
4
4
3
1
0
0
2
2
1
0
3
1
1
3
1
2
2
3
3
7
1
3
2
0
2
1
2
1
3
1
3
0
2
2
1
1
1
4
2
2
5
3
4
1
4
2
5
2
2
2
2
5
2
4
2
2
2
3
1
0
2
1
0
1
2
2
4
0
0
1
1
3
2
2
0
1
1
1
3
2
0
0
1
3
1
3
1
5
4
0
2
3
1
0
2
3
1
4
4
3
2
2
5
4
1
5
0
0
1
1
2
1
0
2
1
1
5
4
3
2
1
3
1
0
4
0
1
1
2
0
0
1
1
1
1
2
0
0
3
0
2
1
0
4
2
2
3
4
3
3
0
2
0
4
0
1
2
3
0
3
0
1
1
1
1
0
0
2
1
2
1
1
2
4
1
1
0
0
4
1
0
1
4
2
2
1
1
2
0
0
0
1
2
1
1
1
2
2
0
0
1
2
2
2
3
0
1
2
1
3
4
3
2
2
0
5
2
1
1
2
0
2
1
1
0
3
0
2
1
0
3
1
0
1
2
0
0
1
2
2
1
2
2
1
0
0
0
2
1
1
2
0
3
2
0
1
4
1
1
0
0
0
1
1
1
2
3
1
0
4
1
2
1
1
2
2
1
0
2
0
0
2
0
1
1
1
3
2
0
0
1
3
0
1
2
0
1
0
1
2
1
0
1
1
0
2
0
3
0
2
2
1
1
3
1
2
0
0
1
1
3
0
0
0
1
1
0
0
1
0
1
1
1
2
0
1
1
0
0
1
1
1
2
2
2
1
1
3
2
1
0
0
2
3
1
0
2
0
1
1
1
2
1
1
1
1
1
1
0
0
2
0
0
0
2
0
0
1
3
1
0
3
1
2
0
1
0
0
1
0
1
0
2
0
0
0
0
0
1
1
2
1
2
1
0
0
1
0
1
1
1
1
0
2
0
0
0
1
0
1
0
3
0
2
0
0
0
0
0
1
1
1
2
0
0
0
0
0
0
2
1
2
1
1
1
0
2
2
0
2
1
0
1
1
0
2
1
0
2
0
1
0
1
0
0
0
0
0
3
0
1
0
1
2
0
0
1
1
1
0
1
1
0
0
1
2
2
1
0
0
1
0
1
1
0
3
0
3
2
2
0
0
1
0
1
2
1
1
0
1
0
0
2
2
1
0
0
1
1
1
0
1
1
1
0
0
0
1
1
0
0
1
3
1
0
1
0
1
0
2
0
1
2
0
1
1
1
1
1
1
1
0
0
2
0
0
0
1
1
1
0
0
2
1
1
0
1
1
0
2
2
1
2
1
0
1
0
4
2
0
1
1
0
1
1
0
0
1
1
0
0
0
2
1
0
0
1
0
0
0
1
0
0
2
0
2
0
3
1
1
1
1
0
1
2
0
2
1
1
1
2
1
2
1
0
0
3
1
1
0
1
0
1
1
0
1
0
0
2
1
0
3
1
2
1
0
0
2
1
0
4
0
2
0
1
1
1
2
1
1
1
1
0
1
3
1
2
2
0
1
2
1
2
2
2
1
1
0
1
2
1
2
1
0
0
4
2
0
1
5
1
0
5
1
1
0
2
2
4
3
0
3
3
2
1
2
0
3
3
1
1
5
1
1
3
2
1
1
3
2
3
3
2
1
2
3
1
0
2
2
3
7
4
3
0
1
2
1
4
0
1
1
3
7
1
0
3
1
3
2
2
2
1
1
2
0
0
1
1
0
3
5
2
3
2
1
0
0
2
2
2
1
1
2
0
3
4
4
2
1
1
1
1
2
3
1
2
1
3
5
4
5
3
2
1
0
2
2
0
2
2
2
6
0
2
5
3
4
3
1
4
0
1
1
2
3
2
7
4
4
2
2
1
6
1
1
3
7
4
4
3
3
3
2
4
1
4
5
2
3
2
3
3
2
2
1
4
2
3
6
1
2
0
0
3
2
4
1
3
5
2
5
4
2
5
3
1
1
4
1
4
1
2
6
7
3
1
1
0
1
2
2
5
4
2
4
4
1
4
4
3
2
2
4
4
4
4
4
2
5
3
5
5
0
2
4
6
1
2
2
4
6
4
2
1
4
4
5
4
2
0
3
4
1
6
5
1
3
3
3
4
2
2
3
1
1
4
1
3
2
2
4
1
4
6
6
3
1
1
6
3
3
2
3
5
4
6
3
5
3
4
2
2
2
0
3
1
4
1
3
4
3
1
0
2
2
2
5
4
2
1
3
3
2
2
2
5
2
2
2
3
3
0
4
2
1
3
4
0
0
3
1
2
6
0
1
2
1
1
4
3
3
1
2
3
4
0
1
0
3
2
3
0
2
0
1
3
3
2
0
1
0
4
2
0
1
2
2
1
2
3
2
2
2
1
0
3
0
3
3
1
0
1
1
3
0
0
1
3
3
1
1
1
2
4
2
0
2
3
0
3
1
0
3
2
2
0
1
2
2
3
0
0
3
1
1
1
0
2
0
0
0
0
2
1
5
0
0
0
1
0
1
1
1
1
1
2
1
1
2
0
0
1
1
3
2
0
1
0
2
0
0
2
0
1
2
1
0
1
0
1
0
0
1
0
0
1
1
0
0
0
3
0
1
1
0
0
0
2
1
2
0
3
2
0
2
1
1
0
0
3
1
1
0
0
0
1
0
1
0
0
0
0
0
0
1
1
1
0
1
0
0
1
0
0
0
1
1
2
0
0
0
0
2
0
1
0
0
1
0
0
0
0
0
0
1
1
0
0
0
0
2
0
1
0
0
0
0
1
0
0
0
0
0
1
0
0
1
1
0
0
0
0
0
0
0
0
1
2
0
0
0
0
1
0
0
0
1
0
0
1
1
0
0
0
0
0
1
0
0
0
0
0
0
1
0
0
0
0
0
0
0
0
0
1
0
0
1
0
1
1
0
0
0
0
0
0
0
0
0
0
0
1
0
0
0
0
1
0
0
0
1
1
2
2
0
0
0
1
0
0
1
0
0
1
0
0
0
0
1
0
0
0
0
0
0
0
1
0
0
0
0
1
1
0
0
0
1
0
2
1
0
0
0
1
1
1
0
0
0
0
0
0
0
1
0
0
0
0
0
0
0
2
0
0
0
0
0
0
0
1
0
0
0
0
1
1
0
0
0
1
0
0
0
0
1
0
0
1
0
1
1
0
0
0
1
0
0
0
0
0
0
0
0
1
1
0
1
0
0
0
0
0
1
0
0
1
0
1
1
0
1
0
0
0
0
1
0
1
0
0
0
0
0
0
0
0
0
0
1
0
0
0
1
0
0
0
0
1
0
1
0
1
1
0
1
0
0
0
0
0
0
0
2
1
0
0
0
1
0
0
0
1
0
2
0
0
1
0
0
1
0
0
0
0
0
0
0
1
0
0
0
1
0
0
0
1
0
0
0
3
0
0
0
2
0
0
0
0
0
0
0
0
0
0
0
0
1
0
0
0
1
0
0
0
0
0
0
0
0
2
0
2
0
0
0
0
0
1
0
0
0
1
1
0
1
0
1
0
1
0
0
0
0
1
1
0
0
0
0
0
0
0
0
0
0
1
0
0
1
2
0
0
0
0
0
0
1
0
0
0
0
0
0
0
0
0
0
0
0
0
0
0
0
0
0
0
0
1
0
1
0
0
0
1
0
0
1
0
0
0
0
1
1
1
0
0
0
1
0
2
0
0
1
0
0
0
0
0
1
0
1
0
2
0
1
0
2
0
0
0
1
0
0
0
0
1
0
1
0
0
1
0
1
1
1
0
2
0
1
0
0
0
0
1
0
1
0
0
1
0
1
0
0
0
0
0
1
0
0
0
0
1
1
1
1
1
0
0
1
1
1
0
1
2
0
1
1
1
0
1
0
0
0
2
1
1
1
0
1
0
0
0
0
0
0
1
0
1
1
0
0
0
1
0
0
0
0
0
0
1
0
0
1
0
0
0
1
0
1
1
0
0
0
0
2
0
0
0
1
0
0
0
2
0
1
1
0
1
0
1
0
0
0
0
1
0
0
0
0
0
0
0
0
0
0
0
0
0
0
0
0
0
0
1
0
0
0
0
1
1
1
0
0
2
0
1
0
1
0
0
1
0
0
0
0
1
0
1
0
0
0
0
0
1
0
1
0
0
1
0
0
0
0
3
2
2
0
1
1
0
1
0
0
0
1
1
0
0
0
0
0
0
0
0
0
1
0
0
0
0
0
0
0
1
0
0
1
1
0
0
0
0
0
0
0
2
0
0
1
0
0
1
0
0
0
0
0
1
0
0
1
1
1
0
0
2
0
0
2
0
0
0
1
0
0
0
0
3
0
0
0
1
0
0
1
0
0
1
1
0
1
1
0
0
0
0
2
0
2
1
0
0
0
1
0
1
0
0
0
0
0
0
0
1
0
1
0
0
0
1
0
1
0
0
1
0
0
0
0
0
2
0
0
0
1
1
0
2
0
1
2
0
1
0
1
1
0
1
0
0
0
1
0
0
0
0
0
1
2
2
2
0
3
0
1
0
0
0
0
0
0
0
0
1
0
0
0
0
0
1
0
0
0
0
0
0
1
0
0
0
0
0
1
1
0
0
0
0
0
0
0
0
1
1
0
0
0
0
1
0
0
0
0
0
0
0
0
0
0
0
0
0
1
0
0
0
1
0
0
0
0
0
1
0
0
1
0
0
1
0
1
0
1
1
0
0
0
0
0
1
0
1
0
0
0
0
0
1
0
2
0
1
0
0
1
0
0
1
0
1
0
2
0
0
0
0
2
0
0
0
0
0
0
0
0
0
0
0
1
1
0
0
0
0
0
0
1
0
1
1
1
0
0
0
1
1
0
0
0
0
1
1
1
0
0
0
1
0
1
1
0
1
1
0
0
1
0
1
0
0
0
1
0
1
0
1
0
1
0
0
1
0
0
1
0
0
0
0
0
0
1
1
0
0
0
1
1
0
0
0
0
0
0
0
2
0
0
0
0
0
1
0
1
1
1
1
0
1
0
1
0
1
0
1
0
1
0
0
0
1
0
2
1
1
0
1
0
0
0
1
0
0
0
0
0
1
0
1
1
0
0
0
2
0
0
0
2
0
0
0
1
0
0
2
0
0
1
0
0
0
0
2
0
1
1
1
0
0
0
1
0
0
0
0
0
0
0
1
0
0
0
0
0
0
1
1
2
1
1
0
0
0
0
0
1
1
0
0
0
1
1
0
0
0
0
0
0
0
0
0
0
1
1
0
0
1
0
1
0
1
0
10
8
8
6
5
7
8
6
9
8
11
4
3
7
5
5
6
9
6
5
7
5
4
5
10
8
5
7
11
8
9
6
5
6
7
11
8
11
10
4
9
8
7
3
8
5
5
13
7
7
4
3
4
6
8
5
11
6
7
3
8
7
6
6
2
8
7
7
4
7
7
14
10
7
5
7
12
8
2
7
4
8
9
12
8
7
8
7
7
9
11
9
4
6
4
7
9
6
6
13
10
6
3
5
3
3
11
9
3
5
7
3
11
9
10
12
10
11
6
6
9
6
5
6
5
5
4
1
