0
0
0
0
0
0
0
0
0
0
0
0
0
0
0
0
0
0
0
0
0
0
0
0
0
0
0
0
0
0
0
0
0
0
0
0
0
0
0
0
0
0
0
0
0
0
0
0
0
0
0
0
0
0
0
0
0
0
0
0
0
0
0
0
0
0
0
0
0
1
0
0
0
0
1
0
2
0
2
2
5
2
4
4
1
5
6
3
2
6
3
3
8
4
4
6
9
13
9
18
44
235
715
1244
1428
1360
1259
1247
1048
1004
881
794
754
741
786
811
894
935
856
859
725
730
617
628
557
516
525
512
516
476
483
453
497
435
425
468
422
431
400
436
413
399
404
356
372
376
397
391
370
384
367
408
358
380
393
413
401
398
386
334
402
393
387
372
362
360
337
356
381
363
361
361
379
405
406
372
398
383
376
333
374
386
401
391
367
364
373
336
391
344
399
416
379
340
377
386
391
371
398
335
389
360
383
367
376
334
388
408
376
354
397
371
404
382
394
398
374
399
389
362
385
408
367
382
391
399
384
385
396
408
375
409
395
406
393
380
384
418
392
366
375
401
398
386
365
378
377
393
420
345
396
378
393
366
420
378
420
393
412
385
377
404
386
391
399
385
420
393
358
423
418
408
395
331
413
384
348
414
381
354
402
415
409
369
463
352
361
385
424
427
370
431
383
356
395
378
386
361
440
408
395
389
398
392
415
373
395
377
405
370
407
379
395
400
386
434
400
352
389
379
378
399
400
374
380
402
337
400
384
422
373
364
402
387
390
396
367
408
358
360
396
359
383
366
376
342
375
398
392
357
385
358
395
397
407
383
376
381
409
367
372
388
387
410
356
369
386
388
367
381
375
395
369
370
386
394
381
349
421
398
380
361
382
382
378
392
420
408
361
368
393
367
363
401
350
424
381
397
377
358
369
396
369
430
393
418
414
379
392
418
420
409
400
360
397
408
411
390
420
401
413
396
385
387
390
428
403
398
358
403
376
411
424
420
411
391
420
418
409
427
416
382
396
381
419
373
389
384
431
393
379
354
431
402
397
418
408
411
420
388
384
364
369
391
400
405
400
401
379
437
411
386
400
379
416
394
376
405
403
416
418
403
413
392
420
427
392
392
424
386
405
405
409
387
421
417
378
400
438
413
415
389
404
431
393
427
436
403
386
410
395
432
396
397
405
361
387
384
405
382
381
418
383
418
427
414
375
400
438
390
390
422
411
391
407
446
395
388
404
386
400
372
393
362
349
454
412
378
376
414
375
396
401
370
403
365
393
404
408
417
412
385
397
444
396
387
413
410
412
417
388
416
406
405
405
412
402
405
400
396
409
399
426
416
388
404
392
384
400
423
395
416
430
409
412
441
406
414
438
423
418
420
437
431
419
399
435
425
434
436
437
424
430
434
461
404
430
420
402
420
448
375
451
430
406
472
436
452
457
461
462
444
441
437
504
464
450
466
449
439
475
466
479
482
505
528
492
481
501
484
551
509
480
511
500
533
516
511
496
538
539
544
488
513
576
498
553
529
515
569
526
548
522
570
563
563
562
595
552
590
592
621
587
561
594
566
593
664
519
573
573
615
570
555
599
581
553
638
593
585
595
594
583
571
651
584
625
597
576
584
603
583
648
624
609
604
605
606
587
534
591
645
625
559
593
607
595
536
550
567
564
582
556
570
539
552
586
611
562
579
536
565
545
616
554
556
565
542
568
576
540
536
526
530
525
556
529
544
511
518
509
541
527
578
519
561
519
521
544
513
500
501
488
502
498
503
519
485
506
521
470
484
510
512
471
511
512
457
475
529
467
524
463
441
479
479
483
478
466
526
480
487
442
458
442
537
462
488
472
428
418
420
446
468
457
476
444
438
422
475
447
478
511
433
433
424
426
411
476
425
434
434
447
454
441
498
425
412
458
448
410
401
447
434
414
410
477
423
426
394
409
434
419
436
406
430
438
442
451
397
430
458
400
432
428
435
435
409
400
424
432
464
430
406
388
386
451
414
397
416
415
428
394
428
420
394
389
416
424
438
444
439
392
410
419
393
428
423
439
409
397
401
411
407
397
453
425
406
361
388
389
417
393
395
396
406
390
381
385
414
418
442
430
373
412
414
385
366
368
385
398
382
382
407
371
357
387
388
380
410
392
375
405
370
395
380
412
388
395
381
411
404
394
369
377
365
385
365
408
368
383
396
385
385
374
403
397
406
352
384
385
348
391
366
374
358
404
358
395
370
358
380
363
377
389
363
385
376
349
360
415
357
372
387
356
400
389
364
360
383
348
376
357
376
371
352
389
348
348
360
354
359
368
375
322
390
347
374
349
364
372
349
380
362
382
341
354
340
366
373
348
367
381
344
366
353
373
362
362
373
341
378
355
320
365
337
331
344
362
367
345
375
379
315
334
359
354
321
373
375
355
335
337
370
353
347
328
367
407
373
356
329
324
382
377
350
340
374
327
331
360
365
352
355
326
359
312
326
338
347
301
303
329
321
369
346
342
364
347
347
332
340
358
331
317
326
338
351
356
327
344
317
350
325
360
336
359
315
336
310
319
329
341
366
359
324
370
324
390
338
322
324
337
342
327
355
332
314
351
340
370
331
323
367
319
353
380
360
342
349
334
307
355
333
368
290
356
335
315
313
348
323
369
332
337
335
352
347
320
326
315
332
336
304
329
390
363
338
324
348
347
343
328
332
335
335
322
350
337
306
318
319
316
352
332
350
351
307
295
325
330
329
347
341
376
338
335
369
324
304
326
319
332
323
334
316
325
354
336
334
314
322
342
328
328
334
293
328
353
303
313
350
289
306
327
336
325
304
308
333
305
331
311
310
323
333
343
315
363
312
344
317
304
290
347
305
329
312
366
321
329
332
311
329
315
299
299
301
326
340
346
330
329
308
309
337
306
340
346
308
349
324
340
349
320
318
325
304
295
319
325
328
321
328
294
303
342
333
312
303
312
312
329
363
298
383
298
325
322
293
309
311
305
342
357
331
293
306
345
342
312
318
282
309
313
369
317
323
312
343
313
313
328
293
309
341
306
323
309
331
311
322
314
319
304
333
305
341
291
304
317
306
283
304
297
360
347
307
295
288
280
304
337
337
302
296
297
332
315
310
340
323
302
291
328
329
314
330
293
346
307
328
335
305
312
323
329
308
319
309
360
309
321
314
301
323
301
276
311
316
276
290
327
338
299
333
302
317
322
311
332
335
323
290
328
306
308
325
308
338
340
324
321
334
325
326
331
322
302
309
291
297
326
337
281
319
326
273
311
317
348
313
315
305
319
309
326
321
312
309
321
314
336
309
335
302
328
342
302
349
320
318
299
312
327
338
334
299
321
325
315
306
289
310
314
317
303
293
294
304
305
320
331
304
323
309
314
306
320
306
300
308
319
310
280
336
357
307
314
287
313
296
329
304
302
311
303
288
328
360
305
305
313
312
341
294
310
274
318
306
310
318
344
352
336
323
291
343
315
305
305
340
316
332
325
319
337
339
289
351
300
315
320
326
318
315
335
284
311
297
322
318
319
327
310
311
328
341
317
326
317
295
308
305
308
310
337
318
304
298
303
319
331
318
280
293
307
328
305
356
315
308
274
280
325
326
341
328
329
327
298
281
271
323
317
308
324
279
316
318
318
316
310
319
305
251
300
287
320
289
303
309
287
308
282
321
307
312
301
281
328
323
291
303
286
277
279
297
265
280
294
312
309
317
299
284
282
279
244
276
286
283
283
280
308
270
268
262
248
259
267
278
266
288
272
256
286
260
242
250
260
251
267
249
278
247
282
266
260
267
251
224
243
242
250
231
238
246
248
237
215
206
199
219
241
240
228
239
231
220
227
235
249
214
211
201
202
217
203
226
198
219
205
177
200
205
197
195
172
188
218
209
188
170
216
190
170
179
169
167
187
196
203
154
184
158
168
162
183
171
150
169
174
179
164
152
153
182
161
163
161
167
159
163
152
159
151
147
161
164
141
139
133
157
135
120
140
137
109
131
137
141
133
131
135
126
125
140
150
125
123
118
125
120
131
128
108
101
135
138
119
142
121
132
112
132
115
116
103
118
110
105
103
109
104
92
105
118
120
102
113
110
95
107
108
99
98
114
105
120
116
105
110
95
99
98
108
91
109
80
101
88
106
108
96
99
104
102
93
87
94
110
83
101
100
93
108
109
102
90
107
82
104
94
83
87
77
91
99
87
77
94
106
83
80
91
96
77
72
82
88
94
69
85
82
82
103
95
94
83
79
72
78
98
80
92
86
95
83
88
76
64
52
72
75
79
65
68
66
83
93
82
77
61
86
67
69
80
72
68
80
94
88
68
79
67
72
71
59
77
72
74
75
71
63
79
87
67
85
70
81
87
82
85
64
76
89
58
65
86
63
77
75
83
72
72
67
75
72
87
82
67
88
79
77
64
73
64
74
62
68
70
80
66
77
85
73
66
83
77
77
67
85
64
62
69
73
69
70
76
76
61
56
89
71
68
82
83
65
74
64
66
58
80
70
73
82
72
77
63
63
74
56
55
76
77
76
76
65
62
55
77
81
76
91
86
59
68
82
61
69
80
79
73
87
73
73
69
75
86
75
68
62
89
95
86
88
82
61
69
63
84
59
72
80
94
91
75
64
89
81
76
88
75
72
91
84
72
78
89
84
65
86
93
87
72
88
84
94
85
89
78
78
76
93
76
76
79
82
88
93
83
89
88
76
81
94
83
82
83
64
100
86
97
102
94
80
97
92
94
87
104
90
90
85
100
96
89
91
96
89
102
98
103
97
92
96
79
110
109
88
93
83
103
90
105
95
96
116
98
105
94
113
104
94
99
107
116
103
116
102
129
116
125
125
127
125
98
144
127
139
131
137
128
133
104
141
134
133
140
113
148
163
129
139
142
147
128
142
137
154
152
160
153
159
127
160
144
154
162
151
169
140
185
156
181
187
182
190
172
184
172
183
186
189
228
199
183
199
196
215
202
205
190
217
203
230
262
197
232
224
242
261
280
228
258
244
269
248
276
276
294
297
264
315
329
303
269
295
328
323
324
328
351
397
352
369
379
365
396
416
379
411
405
418
387
390
422
441
459
429
433
447
427
503
499
517
528
482
534
509
479
596
580
561
547
590
612
612
558
631
618
616
621
670
724
676
620
682
676
698
727
720
742
758
745
799
790
818
779
816
794
842
886
908
854
833
907
949
948
991
1020
1021
1003
964
1019
1001
1012
1051
1007
1058
1143
1157
1141
1118
1097
1130
1149
1192
1325
1233
1233
1190
1283
1302
1281
1346
1360
1358
1316
1348
1389
1346
1392
1382
1377
1436
1410
1379
1491
1495
1524
1480
1450
1582
1509
1633
1641
1549
1621
1552
1626
1593
1584
1637
1676
1732
1659
1725
1749
1707
1718
1717
1619
1764
1707
1825
1721
1769
1759
1732
1774
1834
1851
1833
1853
1765
1823
1847
1901
1788
1799
1835
1871
1943
1818
1847
1857
1800
1865
1907
1935
1835
1919
1897
1887
1840
1925
1871
1901
1941
1829
1887
1897
1944
1917
1836
1812
1846
1844
1922
1829
1921
1793
1773
1782
1804
1748
1731
1732
1845
1724
1747
1755
1745
1691
1710
1665
1712
1642
1643
1612
1584
1677
1565
1629
1565
1571
1583
1606
1543
1481
1539
1556
1473
1534
1464
1390
1379
1491
1383
1384
1415
1348
1284
1343
1340
1277
1281
1301
1307
1216
1115
1213
1204
1180
1157
1048
1162
1186
1022
1065
1042
1042
1023
997
919
1043
936
969
921
969
922
855
848
883
801
811
799
767
789
695
752
779
743
700
703
678
676
667
586
651
601
590
576
581
564
521
526
525
535
511
490
517
447
461
489
438
478
427
403
407
391
365
372
343
379
351
336
313
290
330
284
318
265
241
250
265
269
225
214
226
239
250
215
214
215
190
208
218
186
174
181
168
157
171
147
168
139
137
138
140
141
135
127
124
101
125
111
100
107
104
96
92
81
69
82
78
91
80
65
81
59
51
65
64
70
54
75
45
64
45
50
50
53
51
44
44
51
41
44
34
49
27
29
31
42
33
21
32
36
33
23
25
25
22
33
17
31
24
18
25
17
26
22
20
18
28
23
19
15
20
14
19
14
18
13
17
18
18
19
22
18
21
15
5
19
18
9
14
17
16
14
10
16
11
10
14
12
6
9
4
6
12
11
8
9
14
12
14
5
9
11
10
7
16
12
10
4
7
6
10
12
9
13
10
8
8
11
8
8
6
9
8
9
3
3
7
13
4
11
6
11
2
8
7
9
3
5
2
7
3
4
5
8
5
3
5
13
3
5
5
4
12
3
12
5
4
2
8
9
7
7
6
5
7
6
10
5
8
4
8
5
3
8
6
9
6
7
5
6
12
7
4
6
8
12
5
6
3
7
5
5
8
6
6
4
1
7
4
5
3
6
3
4
4
2
2
5
5
6
0
4
9
11
6
4
8
6
4
4
5
8
4
8
5
7
7
7
5
7
2
5
4
6
2
4
5
9
3
2
3
5
7
5
8
2
4
5
6
9
3
6
8
7
3
2
3
3
4
4
2
6
7
4
8
6
4
6
7
3
6
6
6
8
4
3
5
5
6
7
1
2
4
4
2
12
9
4
3
6
2
3
6
5
5
4
3
4
5
3
6
7
4
6
7
7
4
4
7
2
4
2
4
7
8
3
4
8
3
4
2
10
2
6
5
3
5
3
0
4
3
2
2
4
5
0
4
7
2
3
3
5
4
3
4
4
3
4
6
7
3
5
4
7
5
6
6
7
4
4
6
2
2
4
3
6
1
4
5
4
7
2
3
2
8
1
5
6
3
3
4
3
5
3
6
8
5
2
0
1
2
5
1
2
5
4
5
3
2
1
4
7
2
2
3
3
0
3
3
2
0
4
2
1
4
3
3
3
5
6
1
5
6
6
6
9
3
5
3
7
6
3
3
5
2
2
1
4
6
4
4
2
5
5
3
3
4
1
4
3
4
1
3
6
4
6
5
0
6
5
1
2
4
4
7
4
2
2
3
3
1
3
1
4
6
7
3
4
3
2
5
4
4
6
2
2
6
0
4
6
2
4
1
0
4
5
7
1
2
3
3
3
5
1
2
1
0
3
5
2
6
6
0
5
3
2
7
5
3
2
4
2
1
2
4
4
4
4
2
2
2
1
7
3
3
4
2
3
7
4
5
4
3
5
4
4
3
3
3
2
0
5
8
1
3
2
2
2
4
7
3
2
6
4
3
2
7
4
3
3
3
2
7
7
2
1
0
4
1
2
2
4
5
1
6
1
4
4
0
3
3
4
0
2
8
4
3
5
3
3
2
7
4
4
8
0
3
7
4
2
4
3
2
1
0
3
3
2
5
5
6
5
5
3
3
2
4
5
7
2
3
2
2
2
1
2
1
4
6
4
5
2
3
1
7
5
1
3
2
4
5
3
2
0
2
3
3
4
3
3
4
6
2
4
5
3
4
3
3
5
3
4
3
1
5
4
4
3
5
2
6
5
1
3
1
4
4
2
3
3
3
2
2
2
3
4
3
7
3
3
4
11
1
4
5
6
3
0
3
3
2
2
3
6
4
1
4
1
3
2
3
2
4
2
1
2
3
2
1
1
3
2
1
1
1
4
5
1
6
3
3
6
0
4
0
1
6
0
1
4
2
2
4
3
4
0
4
2
3
5
0
0
2
5
3
2
3
1
3
4
4
1
2
1
4
1
4
4
3
2
1
4
4
1
3
4
2
4
3
3
0
0
1
1
3
1
1
1
1
3
6
2
2
2
1
1
2
1
3
3
2
2
5
2
3
5
1
4
6
3
4
0
4
1
3
4
2
6
1
5
4
6
1
2
5
0
6
2
3
4
1
3
1
2
3
2
4
0
5
2
2
1
3
1
4
3
2
4
2
1
2
6
6
4
1
4
2
2
4
0
0
1
6
4
4
3
2
2
1
3
2
2
2
3
1
2
0
2
3
1
2
3
1
2
2
1
4
3
3
1
2
1
4
1
5
2
3
3
2
7
1
4
2
2
0
1
1
2
2
6
1
2
3
4
4
2
4
2
2
3
3
2
1
4
2
3
4
0
3
2
2
1
0
1
2
0
2
3
1
5
0
5
3
5
2
3
6
3
2
1
3
0
3
0
1
3
2
2
3
2
2
2
5
2
5
0
2
1
3
1
5
2
1
5
0
4
1
3
3
0
1
4
0
1
0
2
1
1
2
3
2
2
3
4
1
1
3
3
3
1
4
1
3
3
2
0
2
3
3
2
1
1
1
4
2
3
3
1
4
4
1
2
0
1
2
3
4
1
2
1
2
1
1
2
0
1
1
3
0
3
1
2
2
4
0
4
4
2
0
3
2
0
3
2
1
3
3
2
2
2
1
2
1
2
0
3
3
1
1
1
2
1
1
2
0
2
4
1
4
3
1
1
2
2
6
0
3
1
1
2
3
3
4
3
2
2
2
4
2
2
4
2
1
0
1
1
1
3
2
2
0
0
1
1
2
6
2
0
3
2
6
2
0
2
2
2
1
5
3
3
2
1
2
3
6
2
1
1
1
3
6
1
7
1
4
3
1
3
1
3
1
2
1
4
1
1
2
2
0
2
4
1
2
1
1
1
1
2
2
2
1
4
2
1
1
4
1
2
0
2
4
0
1
1
2
3
3
2
1
1
2
3
3
2
2
0
2
0
1
1
3
0
2
1
1
1
4
2
1
1
0
0
2
2
2
1
1
1
2
0
1
2
0
0
1
1
3
1
3
0
2
0
3
1
4
0
1
1
3
1
2
0
2
3
3
1
4
4
3
0
0
1
2
0
2
3
2
0
2
2
0
2
0
3
2
3
3
2
0
0
0
2
5
2
3
1
3
0
3
3
1
2
0
2
3
0
2
3
1
1
1
2
2
1
3
3
1
0
2
3
5
4
4
0
2
2
2
0
1
1
3
2
3
3
1
1
2
3
2
0
2
1
1
0
2
5
1
2
3
2
1
1
3
1
1
3
1
1
0
1
0
2
1
3
1
1
0
2
0
3
1
2
0
3
5
3
2
2
3
1
0
0
1
4
1
2
3
3
1
3
1
0
1
3
1
3
1
3
2
0
2
1
3
1
2
2
3
3
4
3
3
0
0
1
1
1
1
2
1
0
0
1
1
3
5
1
1
4
1
0
3
3
1
2
1
1
0
1
0
0
2
0
0
1
3
2
1
3
1
1
0
1
3
1
2
2
0
2
1
1
0
3
1
2
0
3
1
1
1
0
1
1
2
2
2
2
0
1
1
2
0
1
1
2
0
1
2
1
0
1
1
2
1
0
0
3
1
1
0
1
0
2
1
1
0
3
3
2
2
3
1
1
5
2
0
2
1
1
0
3
1
1
2
0
1
1
1
1
1
1
3
0
2
0
1
3
2
2
3
0
3
3
2
0
3
2
3
0
0
0
1
4
3
0
2
4
2
2
1
0
1
1
1
1
2
2
0
1
0
2
1
1
2
2
1
0
1
3
0
0
3
0
6
3
2
1
2
1
0
2
1
0
1
1
0
1
1
2
1
1
0
1
0
0
0
2
3
2
1
1
1
1
1
1
2
4
1
1
1
1
3
2
0
0
1
1
2
1
2
1
1
0
1
1
1
1
0
1
4
2
0
8
0
2
1
2
2
2
3
1
0
1
0
1
0
2
1
3
0
0
3
2
2
3
1
0
2
1
3
1
2
0
1
1
0
0
0
2
1
2
1
0
1
1
0
1
0
0
1
2
0
2
1
0
1
0
0
1
1
0
1
1
3
1
3
0
2
1
2
2
1
1
2
0
1
1
0
1
0
2
0
0
1
0
0
0
0
3
0
1
1
1
2
1
2
2
0
2
0
1
1
2
1
1
0
1
0
4
1
1
2
1
1
0
1
1
0
1
1
2
0
0
0
2
1
0
3
1
1
3
0
0
1
0
1
0
2
1
1
1
1
3
1
0
0
3
2
4
1
0
0
2
1
0
1
1
0
1
1
0
1
2
1
2
1
0
0
0
1
0
3
1
0
1
1
1
0
2
0
2
1
1
1
0
1
0
0
1
2
2
0
2
1
2
2
2
2
2
0
2
1
2
0
0
1
0
0
0
1
0
1
0
1
0
0
2
2
4
0
1
1
2
1
4
0
4
0
0
1
1
1
3
1
0
1
0
1
0
0
0
0
0
1
0
1
2
3
0
1
3
1
2
1
0
0
3
0
0
1
0
0
0
1
2
0
1
1
1
1
1
0
1
0
7
1
1
2
2
0
2
3
3
1
0
1
0
2
2
2
0
1
1
0
0
3
1
2
1
2
3
1
1
3
1
2
1
2
0
2
1
0
2
2
0
0
2
0
1
0
3
0
2
3
2
0
4
2
1
1
0
0
2
0
2
0
0
0
1
2
0
0
2
2
1
1
0
2
1
1
2
1
2
1
2
2
1
0
2
0
1
0
0
1
2
1
1
0
0
2
0
0
1
1
1
1
1
0
0
2
3
1
0
3
2
1
0
2
1
1
2
0
0
1
2
1
1
0
0
0
1
2
3
4
2
0
0
0
3
1
0
0
3
2
3
0
4
0
1
1
1
1
1
1
1
1
1
1
2
1
1
2
0
4
1
0
1
1
0
1
1
0
1
2
0
0
1
1
0
2
0
0
0
1
2
3
2
0
0
3
1
1
1
2
1
0
0
1
2
1
1
1
0
3
1
1
4
1
1
3
1
0
2
0
1
0
2
0
1
3
1
1
1
2
2
0
3
0
0
0
3
0
1
3
1
3
1
2
2
0
2
1
1
1
0
1
1
1
4
0
2
3
5
0
3
1
4
1
2
1
1
2
1
1
1
1
0
3
0
2
2
0
1
1
0
0
2
0
4
1
3
2
1
1
0
2
2
0
3
1
2
0
0
0
1
0
1
0
0
0
2
0
2
0
1
3
0
0
1
1
1
1
0
0
1
1
2
0
0
0
0
0
0
0
0
1
1
2
1
2
2
1
0
2
1
2
0
1
0
0
0
0
0
2
1
1
1
0
0
0
2
0
3
0
0
1
1
3
1
1
0
2
0
0
0
0
0
2
0
0
4
3
0
0
0
0
0
0
0
0
0
0
1
2
1
2
1
0
0
0
0
0
0
2
0
1
1
1
0
0
0
0
1
1
0
3
2
1
0
0
0
1
1
0
0
0
0
1
1
0
1
0
0
1
1
0
2
1
1
0
0
1
1
0
1
1
0
0
0
1
0
0
0
0
2
1
0
0
0
0
0
0
1
1
1
0
0
0
1
0
0
0
0
1
0
1
0
0
1
2
0
1
1
0
0
1
2
2
1
0
0
2
1
1
1
0
1
1
0
0
0
1
1
0
1
1
1
1
0
0
1
0
1
1
0
0
1
2
0
4
1
1
0
0
1
1
2
0
0
1
1
0
0
0
1
0
0
0
1
1
0
0
0
2
0
1
1
0
3
1
0
1
2
1
0
2
1
0
1
0
1
1
0
1
1
1
0
2
1
1
1
0
0
0
1
0
1
1
0
1
2
2
1
1
0
0
0
1
0
2
1
2
0
0
0
0
1
2
0
0
4
0
1
1
1
0
2
0
1
0
0
0
2
0
1
1
1
4
0
1
0
1
0
0
1
2
1
3
0
0
0
1
3
1
1
0
2
1
0
0
3
4
1
2
2
1
0
0
1
2
0
0
1
0
1
0
1
1
1
0
1
0
1
4
0
0
1
1
1
1
0
0
0
1
1
0
1
3
3
0
1
1
0
1
1
0
2
1
2
2
2
2
1
1
4
1
1
1
1
0
1
1
1
0
3
1
1
2
1
0
4
2
1
0
0
0
0
0
1
1
1
0
3
0
0
1
1
0
1
0
1
0
0
0
1
1
0
0
0
1
1
0
1
0
1
1
1
0
1
2
0
0
0
0
0
0
1
0
0
2
1
0
0
1
0
1
3
0
0
1
1
0
2
0
0
0
0
0
0
2
0
0
0
3
1
0
0
0
0
2
0
1
0
2
1
0
1
0
0
0
0
0
0
1
0
0
0
3
1
0
2
1
2
1
0
2
1
1
0
1
0
1
0
0
0
0
0
2
1
0
1
2
0
0
0
0
1
0
1
0
0
0
1
1
1
0
0
0
0
1
0
1
0
0
1
1
0
1
0
0
1
0
0
1
1
1
0
0
2
0
1
1
0
0
0
0
0
1
0
0
0
0
0
1
1
0
0
1
0
0
0
1
1
0
0
0
0
1
0
1
0
0
0
0
0
1
0
0
1
1
0
0
1
0
0
1
0
0
0
1
0
1
0
1
0
0
1
1
0
0
0
0
0
0
1
0
0
0
0
1
0
0
0
0
0
0
0
0
0
0
1
0
0
0
0
0
0
0
0
1
1
0
0
0
1
0
1
0
0
0
0
1
0
1
0
0
0
0
0
0
0
0
0
0
0
1
0
0
0
1
0
0
0
1
0
1
0
0
0
0
0
0
0
1
1
0
0
0
0
0
0
0
1
0
1
0
1
0
0
0
0
0
0
0
0
0
0
0
0
0
0
1
0
0
0
1
0
0
0
0
0
1
0
0
0
0
1
1
0
0
0
0
0
0
0
0
0
0
1
0
0
1
2
0
2
0
0
0
1
1
0
0
0
0
0
0
0
0
0
0
0
0
0
0
0
0
0
0
0
1
0
0
0
0
0
0
1
1
0
0
1
0
0
0
0
0
0
0
0
0
0
0
0
0
0
1
0
0
0
0
0
0
0
0
0
0
0
0
0
0
0
0
0
0
0
0
0
0
0
0
1
0
0
2
0
0
0
0
0
0
0
0
0
0
0
0
0
0
0
0
0
0
0
1
0
0
0
0
0
0
0
0
0
0
0
0
0
0
0
0
0
0
0
0
0
0
1
0
0
0
0
0
0
0
0
0
0
0
0
0
0
0
0
0
0
0
0
0
0
0
0
0
1
0
0
1
0
1
0
0
0
0
0
0
1
0
0
0
1
0
0
0
0
0
0
0
0
0
0
0
0
0
0
0
0
0
0
0
1
0
0
1
0
1
0
0
0
0
1
0
0
0
0
0
0
0
0
0
1
0
0
1
0
0
0
0
0
0
1
0
0
0
0
0
1
0
0
0
1
0
0
0
0
0
0
0
0
2
0
0
0
0
0
0
0
0
0
0
0
0
0
0
0
0
0
0
0
0
0
0
0
0
0
0
0
0
1
0
0
0
0
1
0
0
0
0
0
0
0
0
0
0
0
0
0
0
0
0
0
0
0
0
0
0
0
0
1
0
0
0
1
0
0
0
0
1
0
0
0
0
0
0
1
0
0
0
1
0
0
0
0
0
0
1
1
0
1
0
0
0
0
0
0
0
0
0
0
0
0
0
0
2
0
0
1
0
1
0
0
0
0
0
0
0
0
0
1
0
0
0
0
0
0
1
0
0
0
0
0
0
0
0
0
0
0
0
0
0
0
0
0
0
0
0
0
0
0
0
0
1
0
0
0
1
0
0
0
0
0
1
0
0
0
0
0
0
0
0
0
0
0
0
0
1
1
0
1
1
0
0
0
0
0
0
0
0
0
0
0
1
0
0
0
0
0
0
0
0
0
0
0
0
0
0
0
0
0
0
0
0
0
0
1
1
1
0
0
1
0
0
1
0
1
0
0
0
0
1
0
0
0
0
0
0
0
0
0
0
0
0
0
1
0
0
0
0
0
0
0
0
1
0
0
0
0
0
0
0
1
0
0
0
0
0
0
0
0
0
0
0
0
1
0
0
0
0
0
0
0
1
0
0
1
0
0
1
0
0
1
0
0
1
1
1
0
0
0
0
1
0
0
0
0
0
0
0
1
0
0
0
0
0
0
0
0
0
0
0
0
0
1
0
0
0
1
1
0
1
0
0
0
0
0
0
0
1
0
0
0
0
0
0
0
1
0
0
0
0
0
0
0
1
0
1
0
0
0
0
0
0
1
0
0
0
1
0
1
0
0
0
1
0
0
0
0
0
0
0
0
0
1
0
0
0
0
0
1
0
0
0
0
0
0
0
1
0
1
0
0
1
2
0
0
0
1
0
0
0
0
0
0
0
0
0
0
0
0
0
0
0
0
0
0
0
0
0
0
1
0
0
0
0
0
0
0
0
0
0
0
0
0
0
0
0
1
0
1
0
0
0
0
0
0
0
0
0
0
0
0
1
0
0
0
0
0
0
1
1
0
1
1
0
0
0
0
0
0
0
0
0
0
0
1
0
0
1
0
0
0
0
1
0
0
0
0
0
0
0
0
0
0
0
0
1
0
0
0
0
0
0
0
1
0
0
0
0
0
0
0
0
0
1
0
0
0
0
0
0
0
0
0
0
0
1
0
0
0
0
0
0
0
0
0
1
0
0
0
0
0
0
0
0
0
0
1
0
0
1
0
0
0
0
0
0
0
0
1
0
0
0
0
0
1
1
0
0
0
0
0
1
0
0
0
0
0
0
0
0
0
0
0
1
0
1
0
0
0
0
0
1
0
0
1
0
0
0
0
0
0
0
0
0
0
0
0
0
0
1
0
0
0
0
0
0
0
0
0
0
0
0
0
0
0
0
0
1
0
1
1
0
0
0
1
0
0
0
0
0
0
1
0
0
0
0
0
0
0
0
0
0
0
0
0
0
0
0
1
0
0
0
0
0
1
0
0
0
0
0
0
0
0
0
0
0
0
0
0
0
1
0
0
0
0
0
1
0
0
0
0
0
0
0
0
0
0
0
0
0
0
0
0
0
0
0
0
0
0
1
0
2
0
0
0
0
0
0
0
0
0
0
0
0
0
0
1
0
0
0
0
0
0
0
0
0
0
0
0
0
0
0
0
0
0
0
0
0
0
0
0
0
0
0
0
0
1
0
0
0
0
0
0
0
0
0
0
0
0
0
1
0
1
0
0
0
1
0
0
0
0
0
0
1
0
0
0
0
0
0
0
0
0
0
0
0
0
0
0
0
0
0
0
0
0
0
0
0
0
0
0
0
0
0
0
0
0
0
0
0
1
0
0
1
0
0
0
0
0
0
0
0
0
0
0
0
0
0
0
0
0
0
0
0
0
0
0
0
0
0
1
0
0
0
0
0
0
0
0
0
1
0
0
0
0
0
0
0
0
0
0
0
0
1
0
0
0
0
0
0
1
0
0
0
0
0
1
0
0
0
0
0
0
0
0
0
0
0
0
0
1
0
0
0
0
0
0
1
0
0
0
0
1
1
0
0
0
0
0
0
0
0
0
0
0
0
0
0
0
0
0
0
0
0
1
0
0
0
0
0
0
0
0
0
0
0
0
0
0
0
0
0
0
0
0
0
0
0
0
0
0
1
0
0
0
0
0
0
0
0
0
0
0
0
1
0
0
0
0
0
1
0
0
1
0
0
0
0
0
0
1
0
0
1
0
0
0
0
0
0
0
0
0
0
0
1
1
0
0
0
0
0
0
0
0
0
0
0
0
0
0
0
0
0
0
0
0
0
0
0
0
0
0
0
0
0
0
0
0
0
0
0
0
0
0
0
0
0
0
0
0
0
0
0
0
0
0
0
0
0
0
0
0
0
1
0
0
0
0
0
0
0
0
0
0
0
0
0
0
0
0
0
0
0
0
0
0
0
0
0
0
0
0
0
0
0
0
0
0
0
0
0
0
0
0
0
0
0
0
0
0
0
0
0
0
0
0
0
0
0
0
0
0
0
0
0
0
0
0
0
0
0
1
0
0
0
0
0
0
0
0
0
0
0
0
0
0
0
1
0
0
0
0
0
0
1
0
0
0
0
0
0
0
0
0
1
0
0
0
0
0
0
0
0
0
0
0
0
0
0
0
0
0
0
0
0
0
0
0
0
0
0
0
1
0
0
0
0
1
1
0
0
0
0
0
0
0
0
0
0
0
0
0
0
0
0
0
1
0
0
0
0
0
0
0
0
0
0
0
1
0
0
0
0
0
0
0
0
0
0
0
0
0
0
0
0
0
0
0
0
0
2
0
0
0
0
0
0
0
0
0
0
0
0
0
0
0
0
0
0
0
0
0
0
0
0
0
0
0
0
0
0
0
0
0
0
0
0
1
0
0
0
0
0
0
0
0
0
0
0
0
0
0
0
0
1
0
0
0
0
0
0
0
0
1
1
0
0
0
0
0
0
0
0
0
0
0
0
0
0
0
0
0
1
0
0
0
0
0
0
0
0
0
0
0
0
0
0
0
0
0
0
0
0
0
0
0
0
0
0
0
0
0
0
0
0
0
0
0
0
0
0
0
0
0
0
0
0
0
0
0
0
0
0
0
0
0
0
0
0
0
0
0
1
0
0
0
0
0
0
0
0
0
1
0
0
0
0
0
0
0
0
0
0
0
0
0
0
0
0
0
0
0
0
0
0
0
0
0
0
0
1
0
0
1
0
1
0
0
0
0
0
0
0
0
0
0
0
0
0
0
0
0
0
0
0
0
0
0
0
0
0
1
0
0
0
0
0
1
0
0
0
0
0
0
0
0
0
0
0
0
0
1
0
0
0
1
0
0
0
0
0
0
0
0
0
0
0
0
1
0
0
0
0
0
0
0
0
0
0
0
0
0
0
0
0
0
0
2
0
0
0
1
0
0
0
0
0
0
2
0
0
0
0
0
0
0
0
0
1
0
0
0
0
0
0
0
0
0
0
0
0
0
0
1
0
0
0
0
0
0
2
0
0
0
0
0
0
1
0
0
0
0
0
0
0
0
0
0
0
0
0
0
0
0
0
0
0
0
0
0
0
0
1
0
0
0
0
0
0
0
0
0
1
0
0
0
0
0
0
0
1
0
0
0
0
0
0
1
0
0
0
0
1
0
0
0
2
0
0
0
0
0
0
0
0
0
0
0
0
0
0
0
0
0
0
0
0
1
0
1
1
0
0
0
0
0
0
0
0
1
0
0
0
0
0
0
0
0
0
1
0
0
0
0
0
0
0
0
0
0
0
0
0
1
0
0
0
0
0
0
0
0
0
0
0
0
1
0
0
0
0
1
0
0
0
0
0
0
0
0
0
0
0
0
0
0
0
0
0
0
1
0
0
0
0
0
0
0
0
0
0
0
0
0
0
0
0
1
0
0
0
0
1
0
0
0
0
0
0
0
0
0
0
1
0
0
0
0
0
0
0
1
0
0
0
0
0
1
2
0
0
0
0
0
0
0
0
0
0
0
0
0
0
0
1
0
0
0
0
0
0
0
0
0
0
0
0
0
0
0
0
0
0
0
0
0
1
1
0
1
0
1
1
0
0
0
0
0
1
0
0
0
1
1
0
0
0
0
0
0
0
0
0
0
0
0
0
0
0
0
0
0
0
0
0
1
0
0
0
0
0
0
0
0
0
0
0
0
0
0
0
0
0
0
0
0
0
1
0
0
0
0
0
0
0
0
0
0
0
0
0
0
1
2
0
0
0
1
0
0
0
0
0
0
0
0
0
0
0
0
0
0
0
0
0
0
0
0
0
0
0
0
0
0
0
0
0
0
0
0
0
0
0
0
0
0
0
0
0
0
0
0
0
0
0
0
0
0
0
0
0
0
0
0
0
0
0
0
0
0
0
1
0
0
0
0
0
0
0
0
0
0
0
0
0
0
0
0
0
1
0
0
0
0
0
0
0
0
0
1
0
0
0
0
0
0
0
0
0
0
0
0
0
0
0
0
0
0
0
0
0
0
0
0
0
0
0
0
0
0
0
0
1
0
0
0
0
0
0
0
0
0
0
0
0
0
0
0
0
0
0
0
0
0
0
0
0
0
0
0
0
0
0
1
0
0
0
0
0
1
0
1
1
0
0
0
0
0
0
0
1
0
0
0
0
0
0
0
0
0
0
0
0
0
0
0
1
0
0
0
0
0
0
0
0
0
0
1
1
0
0
0
0
0
0
0
0
0
0
0
0
0
0
0
0
0
0
0
0
0
0
0
0
0
0
0
0
1
0
0
1
0
0
0
0
0
0
0
0
0
0
0
0
0
0
0
0
1
0
0
0
0
0
0
0
0
0
0
0
0
1
0
0
0
0
0
0
0
0
0
0
0
0
0
0
0
0
0
0
0
0
0
0
0
0
0
0
0
0
0
0
0
0
1
0
0
0
0
0
0
0
0
0
1
0
0
0
0
0
1
0
0
0
0
0
0
0
0
1
0
0
0
0
0
0
1
0
0
0
0
0
0
0
0
0
0
1
0
0
0
0
0
0
0
1
0
0
0
0
0
0
0
0
0
0
0
0
0
0
0
0
1
0
0
0
0
1
0
0
0
0
0
0
0
0
0
0
0
0
0
0
0
0
0
0
0
0
0
0
0
0
0
0
0
0
0
0
0
0
0
0
0
0
0
0
0
1
0
0
0
0
1
0
0
0
2
1
2
3
3
2
0
0
3
0
1
0
0
2
1
1
4
2
3
5
1
0
3
1
5
2
1
1
0
4
3
0
4
6
1
1
3
0
2
2
0
2
2
2
1
0
0
1
3
2
2
2
1
3
2
1
1
3
2
0
1
3
1
3
3
1
3
2
1
2
3
3
1
3
4
5
3
1
4
2
4
3
1
2
3
1
2
2
2
4
2
2
1
3
2
0
3
3
0
1
1
3
4
2
3
4
6
1
1
2
3
2
2
1
3
2
4
0
1
3
3
5
2
4
1
3
2
0
